Matr.Nr.        T1     T2  T1+T2 normiert Note
1427631          75    90   165   156     2
1225684         100   100   200   200     1
1325792          90    95   185   181     1
1527657          80   100   180   175     1
1526618          80   100   180   175     1
9971494          85    90   175   169     1
1427277          75    95   170   163     2
1526411          95    95   190   188     1
1476123          55   100   155   144     2
1425185          70    80   150   138     2
1526846          90   100   190   188     1
1426120          60    85   145   131     2
1526582          50    85   135   119     3
1425615          90    90   180   175     1
0747797          95   100   195   194     1
1328530          80    90   170   163     2
1526068          90    85   175   169     1
1526882          85    95   180   175     1
1525217          70    95   165   156     2
1325826          65    -0    65    31     5
1226505          85    95   180   175     1
1525785          90    95   185   181     1
1208558          85    80   165   156     2
0742522         100   100   200   200     1
1526242          95    95   190   188     1
1528602          90    90   180   175     1
1427750         100    85   185   181     1
1526250          90    90   180   175     1
1363880          50    90   140   125     3
1429028          85    95   180   175     1
1525332          95   100   195   194     1
1429282         100   100   200   200     1
1525800         100    95   195   194     1
1151248          75    90   165   156     2
1525537          85    85   170   163     2
1526959          40    70   110    88     4
1526319          85    90   175   169     1
1525919          70    80   150   138     2
1526811          85   100   185   181     1
1527009         100    90   190   188     1
0347348          90    80   170   163     2
0525319          80    80   160   150     2
1527458          90   100   190   188     1
1526408          85    90   175   169     1
1526502          90    85   175   169     1
1527285          65    95   160   150     2
0726700          90    95   185   181     1
1525314          95   100   195   194     1
1527387          75    80   155   144     2
1525657          95    95   190   188     1
1528244          55    95   150   138     2
1429139          85   100   185   181     1
1525110          85   100   185   181     1
1425355          55    90   145   131     2
1525544          95    85   180   175     1
1452766          95    75   170   163     2
1525860          85    90   175   169     1
1525177          75    95   170   163     2
1525155          90    95   185   181     1
1525836          95   100   195   194     1
1526531          90   100   190   188     1
0525050          85    -0    85    56     5
1526824          95    95   190   188     1
1526690          85    95   180   175     1
1426813          90    90   180   175     1
1329402          70    70   140   125     3
1526354          80    90   170   163     2
1525923          90    95   185   181     1
1426771          65    95   160   150     2
1468338          70    95   165   156     2
1525130         100    95   195   194     1
8850092          95    95   190   188     1
1426874          85    85   170   163     2
1526473          85   100   185   181     1
1326817          90    80   170   163     2
1525289          80    80   160   150     2
1525714          85    85   170   163     2
1325056          95    -0    95    69     5
1526311          80    95   175   169     1
1426560          85    95   180   175     1
1525290          80    85   165   156     2
1526863          90   100   190   188     1
1526908          85    95   180   175     1
1329131          95   100   195   194     1
1526606          95    -0    95    69     5
1526384          85    95   180   175     1
1405399          75    85   160   150     2
1426355          95    85   180   175     1
1525184          90    90   180   175     1
1525297          80    90   170   163     2
1408967          90    95   185   181     1
1226869          95    95   190   188     1
1425729          95    90   185   181     1
1425114          90    85   175   169     1
1527317          85    95   180   175     1
1526061         100    95   195   194     1
1427209          45    90   135   119     3
1526838          90    95   185   181     1
1525538          95    95   190   188     1
1525103          85   100   185   181     1
1525154          90    95   185   181     1
1426677          85    90   175   169     1
1528006          80    90   170   163     2
1526880          90    90   180   175     1
1506098          85    90   175   169     1
1525652          85    90   175   169     1
0826127          85    75   160   150     2
1425068          90    85   175   169     1
1527418          65    80   145   131     2
1525463          90    90   180   175     1
1426145          90    95   185   181     1
1129085          90    95   185   181     1
1426058          75   100   175   169     1
1429387          65    85   150   138     2
1048210          95    80   175   169     1
1426879          90    95   185   181     1
1225571          90    95   185   181     1
1525402          80    75   155   144     2
1526218          80    85   165   156     2
1203782          90    90   180   175     1
1527154          75    90   165   156     2
1429137          85   100   185   181     1
1426575          90   100   190   188     1
1527594          75    80   155   144     2
1525903          95   100   195   194     1
1207319          95   100   195   194     1
1325156          95    95   190   188     1
1526352          75    90   165   156     2
1525982          90    95   185   181     1
1526819          80    90   170   163     2
1463647          75    90   165   156     2
1525868         100   100   200   200     1
1526270          85   100   185   181     1
1525047          15    90   105    81     5
1326359          70    95   165   156     2
1527059          95    95   190   188     1
1525987          70    90   160   150     2
1526807          95    95   190   188     1
1208517          95   100   195   194     1
1525137          85    95   180   175     1
1526317          85   100   185   181     1
1525388          95    95   190   188     1
1340992          85    90   175   169     1
1526128          95    85   180   175     1
1426263          85    95   180   175     1
9471543         100    90   190   188     1
1225290          60    90   150   138     2
1427376          95   100   195   194     1
1425013         100   100   200   200     1
1527147          65    85   150   138     2
1525808          85    95   180   175     1
1128863         100    90   190   188     1
1525107          95    90   185   181     1
1526671          85    95   180   175     1
1325350          80    85   165   156     2
1204324          90    95   185   181     1
1525188          50    65   115    94     4
1526025          95    95   190   188     1
1526053          75    95   170   163     2
1425928          90    95   185   181     1
1526252          75    90   165   156     2
1242372          80   100   180   175     1
1270009          90   100   190   188     1
1328985          80    60   140   125     3
1427963          90    95   185   181     1
0702395          95    95   190   188     1
1527025          90    45   135   119     3
1526967          90    -0    90    63     5
0325069         100    95   195   194     1
1526286          85    90   175   169     1
1526910          90    95   185   181     1
1525981          75    90   165   156     2
1526524          95   100   195   194     1
1528536          90    95   185   181     1
1429654          40    90   130   113     3
1526483          90    90   180   175     1
1525756         100    95   195   194     1
1000274          45    95   140   125     3
1526655          95    95   190   188     1
1527471          80    35   115    94     4
1526325         100    95   195   194     1
1527000          95   100   195   194     1
1426449          90    90   180   175     1
1429243          85    85   170   163     2
1425291          95   100   195   194     1
1525806          85    90   175   169     1
1525414          90    90   180   175     1
1427149          75   100   175   169     1
1425803          90    85   175   169     1
1527173          85    95   180   175     1
1525138          90   100   190   188     1
1425182          75   100   175   169     1
1225464          80    80   160   150     2
1526339          90    80   170   163     2
1525151          85    70   155   144     2
1431312         100    95   195   194     1
1525910          90    95   185   181     1
1527180          60    90   150   138     2
1527063          55    55   110    88     4
1526229          90    90   180   175     1
1427480          90    90   180   175     1
1525720          90    90   180   175     1
1429355          85    95   180   175     1
1427904          90    95   185   181     1
1527151          90    95   185   181     1
