14.2400
14.3300
14.4200
14.5000
14.5900
14.6700
14.7600
14.8400
14.9200
15.0000
15.0800
15.1600
15.2400
15.3200
15.4000
15.4000
15.4000
15.4000
15.4000
15.4000
15.4000
15.4000
15.4100
15.4300
15.4500
15.4700
15.4800
15.5000
15.5200
15.5700
15.6300
15.6800
15.7400
15.8000
15.8500
15.9000
15.9300
15.9600
15.9900
16.0100
16.0400
16.0600
16.0900
16.1100
16.1400
16.1600
16.1900
16.2100
16.2400
16.2600
16.2600
16.2500
16.2400
16.2300
16.2300
16.2200
16.2100
16.1500
16.0900
16.0300
15.9700
15.9000
15.8400
15.7800
15.7700
15.7700
15.7700
15.7600
15.7600
15.7500
15.7500
15.7800
15.8200
15.8500
15.8800
15.9100
15.9400
15.9700
16.0100
16.0600
16.1100
16.1500
16.1900
16.2400
16.2800
16.1900
16.1100
16.0200
15.9300
15.8400
15.7500
15.6600
15.6200
15.5800
15.5400
15.5000
15.4600
15.4100
15.3700
15.3800
15.4000
15.4200
15.4300
15.4500
15.4600
15.4700
15.4500
15.4200
15.3900
15.3700
15.3400
15.3100
15.2700
15.1900
15.1100
15.0200
14.9400
14.8500
14.7700
14.6800
14.6900
14.6900
14.7000
14.7100
14.7100
14.7200
14.7200
14.6900
14.6600
14.6300
14.6000
14.5700
14.5400
14.5100
14.4800
14.4600
14.4300
14.4000
14.3700
14.3500
14.3200
14.2500
14.1900
14.1200
14.0600
13.9900
13.9300
13.8600
13.8000
13.7400
13.6900
13.6300
13.5700
13.5100
13.4500
13.3800
13.3200
13.2500
13.1900
13.1200
13.0500
12.9900
12.9400
12.8800
12.8300
12.7800
12.7300
12.6700
12.6200
12.5600
12.5000
12.4400
12.3800
12.3200
12.2500
12.1900
12.1200
12.0600
11.9900
11.9300
11.8600
11.7900
11.7200
11.6800
11.6300
11.5900
11.5400
11.4900
11.4400
11.4000
11.3000
11.2000
11.1000
11.0100
10.9100
10.8100
10.7100
10.6100
10.5100
10.4200
10.3200
10.2200
10.1300
10.0300
9.92000
9.82000
9.71000
9.60000
9.50000
9.39000
9.29000
9.22000
9.16000
9.10000
9.04000
8.98000
8.92000
8.87000
8.80000
8.74000
8.68000
8.63000
8.57000
8.52000
8.46000
8.39000
8.32000
8.25000
8.19000
8.12000
8.06000
8.00000
7.93000
7.86000
7.79000
7.73000
7.67000
7.61000
7.55000
7.51000
7.48000
7.44000
7.41000
7.39000
7.36000
7.34000
7.32000
7.31000
7.30000
7.30000
7.29000
7.29000
7.29000
7.30000
7.30000
7.30000
7.31000
7.32000
7.33000
7.34000
7.36000
7.37000
7.38000
7.40000
7.41000
7.43000
7.46000
7.48000
7.62000
7.77000
7.91000
8.06000
8.21000
8.36000
8.51000
8.51000
8.52000
8.53000
8.54000
8.55000
8.57000
8.58000
8.63000
8.68000
8.73000
8.78000
8.83000
8.88000
8.93000
9.04000
9.14000
9.24000
9.35000
9.45000
9.55000
9.66000
9.74000
9.82000
9.91000
9.99000
10.0700
10.1500
10.2400
10.2400
10.2400
10.2500
10.2500
10.2500
10.2600
10.2600
10.3900
10.5300
10.6600
10.7900
10.9200
11.0500
11.1800
11.2300
11.2700
11.3200
11.3600
11.4000
11.4500
11.4900
11.5600
11.6400
11.7100
11.7800
11.8600
11.9300
12.0000
12.0400
12.0700
12.1000
12.1400
12.1700
12.2000
12.2300
12.2900
12.3500
12.4100
12.4600
12.5200
12.5700
12.6300
12.7900
12.9400
13.1000
13.2500
13.4100
13.4400
13.5000
13.5500
13.5900
13.6600
13.6900
13.7400
13.7900
13.8500
13.9100
13.9600
14.0100
14.0700
14.1200
14.1500
14.1700
14.1800
14.2200
14.2700
14.3400
14.4100
14.4800
14.5400
14.6300
14.6800
14.7200
14.7500
14.7800
14.8100
14.8400
14.8800
14.9300
15.0000
15.0600
15.1100
15.1400
15.1600
15.2100
15.2400
15.2500
15.2700
15.2800
15.2600
15.2400
15.2300
15.2700
15.3300
15.3900
15.4400
15.4500
15.4900
15.4900
15.4500
15.4400
15.4600
15.5100
15.5600
15.6000
15.6300
15.6800
15.7000
15.6800
15.6200
15.5900
15.7200
15.7100
15.7000
15.6900
15.6800
15.6700
15.6600
15.6500
15.6800
15.7100
15.7300
15.7600
15.7800
15.8100
15.8300
15.8800
15.9200
15.9600
16.0000
16.0500
16.0900
16.1200
16.1200
16.1100
16.1000
16.0900
16.0800
16.0600
16.0500
16.0200
15.9900
15.9600
15.9300
15.8900
15.8600
15.8200
15.8000
15.7800
15.7500
15.7200
15.6900
15.6600
15.6300
15.6400
15.6400
15.6400
15.6300
15.6300
15.6300
15.6200
15.6100
15.5900
15.5800
15.5600
15.5400
15.5200
15.5000
15.4800
15.4500
15.4300
15.4100
15.3800
15.3600
15.3300
15.2200
15.1200
15.0100
14.9000
14.7900
14.6800
14.5700
14.5400
14.5100
14.4800
14.4500
14.4200
14.3900
14.3600
14.3400
14.3100
14.2900
14.2700
14.2400
14.2200
14.1900
14.1200
14.0400
13.9600
13.8900
13.8100
13.7300
13.6500
13.6000
13.5400
13.4800
13.4200
13.3700
13.3100
13.2500
13.2100
13.1600
13.1200
13.0700
13.0200
12.9400
12.7100
12.6200
12.5300
12.4400
12.3500
12.2500
12.1600
12.0700
12.1400
12.2100
12.1400
12.0700
12.0100
11.9600
11.8700
11.7700
11.7000
11.6600
11.5900
11.5300
11.4600
11.4400
11.3900
11.3400
11.3000
11.2300
11.1600
11.0700
10.9700
10.8800
10.8200
10.7300
10.6200
10.5100
10.4300
10.3600
10.3100
10.2400
10.1900
10.1500
10.1000
10.0600
10.0100
10.0000
9.98000
9.96000
9.94000
9.93000
9.91000
9.89000
9.81000
9.72000
9.64000
9.55000
9.47000
9.39000
9.31000
9.25000
9.19000
9.13000
9.07000
9.02000
8.96000
8.91000
8.84000
8.77000
8.71000
8.64000
8.58000
8.51000
8.45000
8.34000
8.23000
8.13000
8.02000
7.92000
7.82000
7.72000
7.67000
7.63000
7.59000
7.55000
7.51000
7.48000
7.44000
7.41000
7.39000
7.36000
7.34000
7.32000
7.31000
7.29000
7.28000
7.26000
7.25000
7.24000
7.24000
7.23000
7.23000
7.22000
7.20000
7.19000
7.18000
7.17000
7.17000
7.17000
7.17000
7.18000
7.20000
7.21000
7.23000
7.28000
7.32000
7.37000
7.38000
7.40000
7.47000
7.57000
7.69000
7.83000
7.97000
8.10000
8.23000
8.36000
8.47000
8.57000
8.64000
8.70000
8.79000
8.87000
8.94000
9.00000
9.06000
9.09000
9.11000
9.09000
9.08000
9.09000
9.09000
9.11000
9.15000
9.22000
9.30000
9.45000
9.59000
9.74000
9.89000
10.0300
10.0300
10.0300
10.0200
10.0200
10.0100
10.0100
10.0100
10.0400
10.0800
10.1600
10.2400
10.2900
10.3500
10.4200
10.5200
10.6700
10.8100
10.9500
11.1000
11.2400
11.3800
11.4300
11.4900
11.5400
11.5900
11.6400
11.6900
11.7300
11.5600
11.6700
11.7400
11.8100
11.9000
11.9900
12.0500
12.1200
12.2200
12.3000
12.4100
12.5000
12.5900
12.6500
12.7400
12.8700
12.9700
13.0600
13.1700
13.2600
13.3200
13.3600
13.4200
13.4800
13.5300
13.5800
13.6400
13.6900
13.7300
13.7500
13.8100
13.8700
13.8700
13.8800
13.8900
13.9000
13.9400
13.9700
13.9800
14.0200
14.0100
13.9800
13.9100
13.9700
14.0400
14.1000
14.1700
14.2300
14.3000
14.2500
14.2000
14.1500
14.1000
14.0500
14.1000
14.1600
14.2100
14.2800
14.3300
14.3400
14.3600
14.3600
14.3600
14.3400
14.3300
14.3600
14.4000
14.4600
14.5700
14.6700
14.7600
14.8400
14.8900
14.9100
14.9200
14.9000
14.8800
14.8700
14.8400
14.8600
14.8800
14.9000
14.9100
14.9100
14.9200
14.9200
14.8900
14.8900
14.8900
14.9000
14.9000
14.9300
14.9700
15.0200
15.0200
15.0500
15.1000
15.1000
15.1000
15.1000
15.1000
15.1100
15.0900
15.1100
15.1400
15.1500
15.1300
15.1300
15.1300
15.1200
15.1200
15.1100
15.1400
15.1500
15.1700
15.1900
15.2100
15.2200
15.2400
15.2300
15.2200
15.2100
15.2000
15.1900
15.1800
15.1600
15.1500
15.1400
15.1300
15.1100
15.0900
15.0800
15.0600
15.0200
14.9900
14.9900
15.0100
15.0300
15.0600
15.0600
15.0800
15.0800
15.0700
15.0800
15.0800
15.0600
15.0300
15.0200
15.0000
14.9800
14.9500
14.8900
14.8400
14.7700
14.6700
14.5700
14.4900
14.4000
14.3500
14.3100
14.3000
14.2800
14.2800
14.2600
14.2300
14.2100
14.1600
14.1300
14.1000
14.0500
14.0000
13.9500
13.8800
13.8000
13.7400
13.6800
13.6200
13.5800
13.5500
13.5100
13.4800
13.4300
13.3800
13.3100
13.2600
13.2000
13.1600
13.0900
13.0400
13.0100
12.9800
12.9100
12.8600
12.8100
12.7600
12.6900
12.6200
12.5500
12.4700
12.4000
12.3600
12.2900
12.2300
12.1900
12.1300
12.0800
12.0300
11.9600
11.8900
11.7900
11.7200
11.6500
11.6200
11.5800
11.5100
11.4300
11.3600
11.2800
11.1800
11.1000
11.0000
10.9400
10.8800
10.8100
10.7400
10.6800
10.5800
10.4800
10.3600
10.2100
10.1200
10.0200
9.90000
9.82000
9.75000
9.69000
9.63000
9.54000
9.44000
9.36000
9.28000
9.17000
9.11000
9.06000
9.00000
8.90000
8.79000
8.69000
8.58000
8.48000
8.38000
8.28000
8.21000
8.14000
8.07000
8.00000
7.94000
7.87000
7.81000
7.75000
7.70000
7.65000
7.60000
7.55000
7.51000
7.47000
7.96000
7.89000
7.83000
7.78000
7.63000
7.49000
7.44000
7.38000
7.35000
7.34000
7.32000
7.29000
7.29000
7.25000
7.25000
7.21000
7.18000
7.14000
7.10000
7.04000
7.03000
7.02000
7.03000
7.02000
6.98000
6.98000
6.96000
6.92000
6.92000
6.90000
6.91000
6.94000
6.97000
7.00000
7.04000
7.08000
7.15000
7.24000
7.32000
7.41000
7.50000
7.61000
7.74000
7.83000
7.95000
8.05000
8.17000
8.23000
8.25000
8.32000
8.40000
8.50000
8.56000
8.59000
8.64000
8.75000
8.80000
8.84000
8.80000
8.82000
8.94000
9.06000
9.18000
9.28000
9.39000
9.49000
9.60000
9.70000
9.81000
9.91000
9.92000
9.92000
9.93000
9.94000
9.94000
9.99000
10.0500
10.0900
10.1300
10.2000
10.2700
10.3200
10.3900
10.4800
10.5600
10.7000
10.7700
10.7900
10.8200
10.8400
10.8800
10.9400
11.0200
11.0900
11.2200
11.3500
11.4800
11.6300
11.7200
11.8000
11.9000
11.9900
12.0700
12.1800
12.2500
12.3300
12.4100
12.4900
12.5300
12.5900
12.6500
12.6900
12.7600
12.8200
12.8500
12.9000
12.9500
13.0100
13.1000
13.1800
13.2100
13.2500
13.2800
13.3100
13.3800
13.4200
13.4000
13.4500
13.5500
13.6600
13.8100
13.8800
13.8800
13.9400
14.0000
14.0000
13.9800
13.9100
13.9500
14.0100
14.0500
14.1000
14.1400
14.1700
14.2000
14.2200
14.2100
14.2200
14.2900
14.3800
14.4400
14.5000
14.5400
14.6100
14.6400
14.6700
14.6900
14.7100
14.7100
14.7200
14.7300
14.7400
14.7400
14.7800
14.7900
14.8000
14.8500
14.8900
14.9300
14.9500
14.9700
14.9900
15.0400
15.0800
15.1300
15.1700
15.2100
15.2800
15.3300
15.3700
15.3900
15.4100
15.4300
15.4300
15.4400
15.4800
15.5400
15.5600
15.5800
15.6100
15.6400
15.6600
15.7000
15.7100
15.7300
15.7600
15.7700
15.7700
15.7600
15.7400
15.7000
15.6500
15.6100
15.6000
15.6200
15.6100
15.6300
15.6800
15.7200
15.7500
15.7700
15.7900
15.8100
15.8100
15.8300
15.8200
15.7700
15.7100
15.6500
15.5900
15.5200
15.4600
15.3900
15.3200
15.2800
15.2300
15.1800
15.1300
15.0800
15.0300
14.9800
14.9400
14.9100
14.8700
14.8300
14.7900
14.7500
14.7100
14.7200
14.7300
14.7300
14.7400
14.7400
14.7500
14.7500
14.7300
14.7000
14.6800
14.6500
14.6300
14.6000
14.5700
14.5200
14.4700
14.4300
14.3800
14.3300
14.2700
14.2200
14.3500
14.4900
14.4700
14.4400
14.4200
14.3800
14.3400
14.2900
14.2200
14.1800
14.1200
14.0600
14.0000
13.9500
13.8600
13.8100
13.7500
13.7200
13.6600
13.6200
13.4700
13.4200
13.3700
13.3200
13.2700
13.2300
13.1800
13.1300
13.1000
13.0600
13.0300
13.0000
12.9700
12.9300
12.9000
12.8400
12.7700
12.7100
12.6500
12.5800
12.5100
12.4500
12.3200
12.1800
12.0500
11.9100
11.7800
11.6400
11.5000
11.4600
11.4200
11.3700
11.3300
11.2800
11.2400
11.1900
11.1600
11.1200
11.0800
11.0500
11.0100
10.9700
10.9300
10.8300
10.7300
10.6200
10.5200
10.4200
10.3100
10.2100
10.0900
9.97000
9.85000
9.72000
9.60000
9.48000
9.36000
9.31000
9.26000
9.21000
9.16000
9.11000
9.06000
9.01000
8.88000
8.75000
8.62000
8.49000
8.36000
8.23000
8.10000
8.06000
8.01000
7.97000
7.93000
7.89000
7.85000
7.82000
7.74000
7.67000
7.60000
7.53000
7.46000
7.40000
7.33000
7.32000
7.31000
7.30000
7.30000
7.30000
7.30000
7.30000
7.27000
7.24000
7.21000
7.19000
7.17000
7.15000
7.13000
7.12000
7.12000
7.12000
7.12000
7.13000
7.14000
7.15000
7.22000
7.29000
7.37000
7.44000
7.52000
7.49000
7.52000
7.53000
7.55000
7.57000
7.61000
7.62000
7.60000
7.61000
7.62000
7.65000
7.67000
7.69000
7.78000
7.86000
7.92000
7.93000
8.01000
8.00000
8.10000
8.18000
8.24000
8.32000
8.42000
8.63000
8.71000
8.76000
8.80000
8.88000
9.00000
9.10000
9.16000
9.25000
9.30000
9.40000
9.51000
9.60000
9.70000
9.77000
9.86000
9.97000
10.0000
10.0400
10.0900
10.1100
10.1400
10.1900
10.2400
10.3000
10.3700
10.4300
10.4800
10.5700
10.6500
10.6900
10.7000
10.7600
10.7800
10.8200
10.8900
10.9800
11.0200
11.0600
11.1000
11.1500
11.1900
11.2200
11.2500
11.3100
11.3300
11.3900
11.4600
11.5200
11.6100
11.6300
11.6600
11.6900
11.7600
11.8900
11.9900
12.0800
12.1600
12.2400
12.3300
12.3900
12.4700
12.6100
12.7000
12.7900
12.8800
12.9900
13.0800
13.1700
13.2500
13.3200
13.4000
13.4800
13.5600
13.6400
13.7100
13.7800
13.8400
13.8900
13.9400
14.0000
14.0500
14.1100
14.1500
14.1600
14.1500
14.1400
14.1300
14.1400
14.1800
14.2100
14.2600
14.3100
14.3500
14.4200
14.4200
14.4000
14.3800
14.3400
14.3300
14.3800
14.4400
14.5100
14.5800
14.6000
14.6400
14.6300
14.6200
14.6200
14.6600
14.6800
14.7100
14.7300
14.7700
14.8000
14.8300
14.8400
14.8600
14.8800
14.8600
14.8200
14.8100
14.7900
14.7800
14.7900
14.7800
14.7900
14.8100
14.8400
14.8600
14.9300
15.0300
15.1100
15.1800
15.2500
15.3100
15.3600
15.3500
15.3600
15.3700
15.4000
15.4600
15.5000
15.5100
15.5700
15.6100
15.6200
15.6400
15.6500
15.6500
15.6400
15.6100
15.5800
15.5600
15.5300
15.5200
15.5400
15.5600
15.5500
15.5300
15.4900
15.4800
15.5000
15.5100
15.5000
15.4900
15.4700
15.4800
15.4900
15.5000
15.5000
15.5100
15.5100
15.5300
15.5300
15.5500
15.5300
15.5000
15.4600
15.4400
15.3800
15.3300
15.2900
15.2600
15.2500
15.2600
15.2600
15.2600
15.2400
15.2200
15.1800
15.1300
15.0800
15.0600
15.0100
15.0000
15.0000
14.9800
15.0200
15.0200
15.0200
15.0300
15.0600
15.0500
15.0300
15.0000
14.9900
14.9600
14.9200
14.8600
14.7800
14.7000
14.6500
14.5900
14.5100
14.4300
14.3600
14.2900
14.2200
14.1400
14.0500
14.0100
13.9500
13.8900
13.8900
13.8500
13.8100
13.7800
13.7300
13.6700
13.6400
13.5900
13.5700
13.5200
13.4800
13.4000
13.3200
13.2500
13.1800
13.0900
13.0100
12.9100
12.8700
12.8300
12.8000
12.7600
12.7200
12.6800
12.6600
12.6100
12.5600
12.5000
12.4500
12.4000
12.3700
12.3100
12.2600
12.2000
12.1700
12.1200
12.0500
11.9500
11.8200
11.7900
11.8500
11.7800
11.9200
11.9500
11.8600
11.8400
11.7400
11.5800
11.3700
11.1400
10.9900
10.9400
10.8200
10.6900
10.5900
10.5100
10.4500
10.3600
10.2900
10.2000
10.0800
9.98000
9.88000
9.80000
9.71000
9.62000
9.55000
9.47000
9.38000
9.27000
9.17000
9.10000
9.01000
8.92000
8.82000
8.75000
8.73000
8.71000
8.65000
8.58000
8.51000
8.42000
8.32000
8.23000
8.15000
8.07000
7.97000
7.89000
7.87000
7.88000
7.83000
7.79000
7.77000
7.72000
7.63000
7.52000
7.43000
7.36000
7.32000
7.29000
7.27000
7.25000
7.25000
7.25000
7.25000
7.25000
7.24000
7.24000
7.24000
7.22000
7.20000
7.16000
7.16000
7.17000
7.13000
7.10000
7.07000
7.06000
7.04000
7.05000
7.08000
7.14000
7.22000
7.24000
7.28000
7.32000
7.43000
7.45000
7.51000
7.55000
7.53000
7.57000
7.58000
7.64000
7.70000
7.71000
7.75000
7.81000
7.92000
8.02000
8.10000
8.24000
8.44000
8.62000
8.77000
8.92000
8.98000
9.05000
9.16000
9.26000
9.31000
9.37000
9.44000
9.53000
9.62000
9.71000
9.80000
9.89000
9.98000
10.0700
10.1300
10.1800
10.2300
10.2900
10.3400
10.3900
10.4500
10.5100
10.5600
10.6200
10.6800
10.7400
10.8000
10.8500
10.8800
10.9100
10.9400
10.9700
11.0000
11.0300
11.0600
11.1300
11.1900
11.2600
11.3200
11.3900
11.4500
11.5100
11.6600
11.8000
11.9500
12.0900
12.2400
12.3800
12.5200
12.5500
12.5700
12.6000
12.6200
12.6500
12.6700
12.6900
12.7500
12.8100
12.8700
12.9200
12.9800
13.0300
13.0900
13.1200
13.1600
13.2000
13.2300
13.2700
13.3000
13.3300
13.4200
13.5000
13.5800
13.6600
13.7400
13.8200
13.8900
13.9300
13.9700
14.0100
14.0400
14.0800
14.1100
14.1500
14.2000
14.2600
14.3100
14.3600
14.4200
14.4700
14.5200
14.5900
14.6500
14.7200
14.7800
14.8400
14.9100
14.9700
14.9700
14.9700
14.9700
14.9700
14.9700
14.9700
14.9700
15.0500
15.1200
15.1900
15.2700
15.3400
15.4100
15.4800
15.4600
15.4300
15.4100
15.3800
15.3600
15.3300
15.3100
15.3400
15.3800
15.4100
15.4500
15.4900
15.5200
15.5600
15.6200
15.6800
15.7400
15.8000
15.8500
15.9100
15.9700
15.9700
15.9700
15.9700
15.9600
15.9600
15.9600
15.9600
16.0100
16.0600
16.1100
16.1500
16.2000
16.2500
16.3000
16.2100
16.1300
16.0400
15.9600
15.8700
15.8700
15.8500
15.8500
15.8800
15.9000
15.9300
15.9700
16.2000
16.4300
16.4000
16.3700
16.3400
16.3000
16.2700
16.2300
16.1900
16.1700
16.1400
16.1200
16.0900
16.0600
16.0300
16.0000
16.0300
16.0500
16.0700
16.0900
16.1100
16.1300
16.1500
16.1000
16.0500
15.9900
15.9400
15.8900
15.8300
15.7700
15.7400
15.7100
15.6800
15.6500
15.6200
15.5800
15.5500
15.4800
15.4000
15.3300
15.2600
15.1800
15.1100
15.0400
14.9900
14.9400
14.8900
14.8300
14.7800
14.7300
14.6800
14.6400
14.6100
14.5700
14.5300
14.5000
14.4600
14.4200
14.3800
14.3400
14.3000
14.2600
14.2200
14.1800
14.1400
14.0900
14.0400
13.9800
13.9300
13.8800
13.8300
13.7800
13.7000
13.6300
13.5500
13.4800
13.4000
13.3300
13.2500
13.1500
13.0600
12.9600
12.8600
12.7600
12.6500
12.5500
12.5000
12.4500
12.4000
12.3400
12.2900
12.2300
12.1800
12.1100
12.0400
11.9700
11.9000
11.8300
11.7600
11.6900
11.5800
11.4600
11.3500
11.2300
11.1100
10.9900
10.8700
10.7800
10.6900
10.5900
10.5000
10.4000
10.3100
10.2100
10.1000
9.99000
9.88000
9.77000
9.66000
9.55000
9.44000
9.33000
9.21000
9.09000
8.97000
8.86000
8.74000
8.62000
8.51000
8.40000
8.28000
8.17000
8.06000
7.95000
7.84000
7.78000
7.73000
7.68000
7.63000
7.58000
7.53000
7.49000
7.42000
7.36000
7.30000
7.24000
7.18000
7.12000
7.07000
7.06000
7.05000
7.05000
7.05000
7.05000
7.05000
7.05000
7.05000
7.06000
7.06000
7.07000
7.08000
7.09000
7.11000
7.08000
7.06000
7.04000
7.02000
7.00000
6.99000
6.98000
6.96000
6.93000
6.92000
6.90000
6.89000
6.88000
6.87000
6.92000
6.97000
7.03000
7.09000
7.15000
7.22000
7.29000
7.27000
7.26000
7.25000
7.25000
7.24000
7.24000
7.24000
7.32000
7.41000
7.50000
7.59000
7.68000
7.77000
7.87000
7.98000
8.09000
8.21000
8.33000
8.45000
8.57000
8.69000
8.72000
8.75000
8.79000
8.82000
8.85000
8.89000
8.93000
9.04000
9.15000
9.26000
9.37000
9.49000
9.60000
9.71000
9.76000
9.81000
9.86000
9.91000
9.96000
10.0100
10.0600
10.1000
10.1400
10.1800
10.2300
10.2700
10.3100
10.3500
10.4800
10.6100
10.7400
10.8700
11.0000
11.1300
11.2600
11.2900
11.3200
11.3600
11.3900
11.4200
11.4500
11.4800
11.5900
11.7000
11.8100
11.9200
12.0300
12.1400
12.2500
12.3000
12.3500
12.4000
12.4500
12.4900
12.5400
12.5900
12.6600
12.7200
12.7900
12.8600
12.9200
12.9900
13.0500
13.1000
13.1500
13.2000
13.2400
13.2900
13.3300
13.3700
13.4200
13.4600
13.5000
13.5400
13.5800
13.6200
13.6600
13.7200
13.7700
13.8300
13.8800
13.9300
13.9800
14.0400
13.9600
13.8800
13.8100
13.7300
13.6500
13.5700
13.4900
13.7100
13.9200
14.1400
14.3500
14.5600
14.7800
14.9900
15.0400
15.0900
15.1400
15.1900
15.2400
15.2900
15.3300
15.3500
15.3600
15.3700
15.3800
15.3900
15.4000
15.4100
15.4000
15.3900
15.3900
15.3800
15.3700
15.3600
15.3500
15.3600
15.3800
15.4000
15.4100
15.4300
15.4500
15.4600
15.5100
15.5600
15.6100
15.6600
15.7000
15.7500
15.8000
15.7800
15.7700
15.7600
15.7400
15.7300
15.7200
15.7000
15.6700
15.6500
15.6200
15.5900
15.5600
15.5300
15.5000
15.5500
15.6000
15.6500
15.7000
15.7500
15.8000
15.8500
15.8500
15.8400
15.8400
15.8400
15.8300
15.8300
15.8200
15.8100
15.8000
15.7800
15.7700
15.7500
15.7300
15.7100
15.7000
15.6800
15.6500
15.6300
15.6100
15.5800
15.5600
15.5700
15.5900
15.6000
15.6100
15.6200
15.6300
15.6400
15.5900
15.5500
15.5000
15.4500
15.4000
15.3500
15.3000
15.2800
15.2500
15.2200
15.2000
15.1700
15.1400
15.1100
15.0800
15.0600
15.0300
15.0100
14.9800
14.9500
14.9300
14.8600
14.8000
14.7400
14.6800
14.6100
14.5500
14.4900
14.4400
14.3900
14.3400
14.2900
14.2300
14.1800
14.1300
14.0700
14.0100
13.9600
13.9000
13.8400
13.7800
13.7200
13.6700
13.6200
13.5700
13.5200
13.4700
13.4200
13.3700
13.3400
13.3100
13.2900
13.2600
13.2300
13.2000
13.1700
13.1100
13.0500
12.9900
12.9300
12.8700
12.8100
12.7400
12.6900
12.6400
12.5800
12.5300
12.4700
12.4200
12.3600
12.2800
12.2000
12.1200
12.0400
11.9500
11.8700
11.7800
11.7500
11.7300
11.7000
11.6700
11.6400
11.6100
11.5800
11.4900
11.4100
11.3300
11.2400
11.1500
11.0700
10.9800
10.8800
10.7900
10.6900
10.5900
10.4900
10.3900
10.2900
10.2200
10.1500
10.0700
10.0000
9.92000
9.85000
9.78000
9.70000
9.62000
9.54000
9.46000
9.38000
9.30000
9.22000
9.11000
9.00000
8.89000
8.79000
8.68000
8.58000
8.47000
8.37000
8.27000
8.17000
8.08000
7.98000
7.89000
7.80000
7.74000
7.68000
7.63000
7.57000
7.52000
7.48000
7.43000
7.40000
7.37000
7.35000
7.32000
7.30000
7.29000
7.27000
7.25000
7.24000
7.23000
7.22000
7.22000
7.22000
7.22000
7.19000
7.17000
7.14000
7.12000
7.11000
7.09000
7.08000
7.03000
6.99000
6.94000
6.90000
6.87000
6.83000
6.80000
6.83000
6.86000
6.90000
6.93000
6.97000
7.01000
7.06000
7.25000
7.45000
7.66000
7.86000
8.06000
8.27000
8.48000
8.54000
8.60000
8.66000
8.72000
8.78000
8.85000
8.92000
9.01000
9.11000
9.20000
9.30000
9.40000
9.50000
9.60000
9.66000
9.72000
9.78000
9.84000
9.90000
9.96000
10.0200
10.1000
10.1900
10.2700
10.3600
10.4400
10.5300
10.6100
10.6100
10.6100
10.6100
10.6700
10.7300
10.8200
10.9100
10.9700
11.0300
11.0800
11.1400
11.2000
11.2600
11.3300
11.4100
11.4500
11.5000
11.5700
11.6300
11.7200
11.8000
11.9000
11.9900
12.0900
12.1900
12.2800
12.3600
12.4600
12.5600
12.6000
12.6300
12.6100
12.5800
12.5400
12.5100
12.5600
12.6200
12.7500
12.8700
12.9200
12.9600
13.1200
13.2700
13.3500
13.4300
13.4500
13.4700
13.5500
13.6300
13.6600
13.6800
13.7500
13.8100
13.9200
14.0300
14.0800
14.1200
14.1700
14.2300
14.2800
14.3400
14.4300
14.5300
14.5700
14.6000
14.5900
14.5700
14.5800
14.5900
14.6100
14.6200
14.7200
14.8300
14.8900
14.9500
15.0100
15.0700
15.1100
15.1500
15.1400
15.1200
15.2400
15.3500
15.3000
15.2600
15.2700
15.2900
15.2700
15.2600
15.2800
15.3100
15.3600
15.4200
15.4000
15.3700
15.3600
15.3400
15.3400
15.3300
15.3400
15.3500
15.4400
15.5300
15.5800
15.6200
15.7200
15.8100
15.8200
15.8200
15.8200
15.8200
15.8100
15.7900
15.7500
15.7100
15.7900
15.8600
15.9400
16.0200
16.0300
16.0400
16.0900
16.1400
16.0700
16.0100
16.0600
16.1100
16.0900
16.0600
16.0500
16.0300
16.0200
16.0100
15.9900
15.9700
15.9300
15.8900
15.9500
16.0200
16.0400
16.0600
15.9700
15.8900
15.8600
15.8300
15.8400
15.8500
15.7500
15.6500
15.5200
15.3800
15.4100
15.4400
15.3700
15.3000
15.2900
15.2700
15.3000
15.3400
15.3600
15.3900
15.3800
15.3700
15.3300
15.2800
15.2000
15.1100
15.1000
15.0900
15.1200
15.1400
15.0600
14.9900
14.9700
14.9500
14.9300
14.9100
14.8700
14.8400
14.8400
14.8400
14.7700
14.7000
14.5900
14.4700
14.4000
14.3300
14.3000
14.2700
14.2200
14.1700
14.0700
13.9600
13.9000
13.8400
13.7600
13.6800
13.7000
13.7300
13.6400
13.5500
13.4900
13.4200
13.4100
13.3900
13.3100
13.2300
13.2400
13.2600
13.2300
13.2000
13.1800
13.1700
13.0900
13.0000
12.9500
12.8900
12.8300
12.7600
12.7500
12.7300
12.7600
12.7800
12.7200
12.6600
12.6500
12.6400
12.5600
12.4900
12.4700
12.4500
12.4200
12.3800
12.3500
12.3100
12.2500
12.2000
12.1300
12.0600
11.9800
11.9000
11.8400
11.7800
11.6200
11.4600
11.3700
11.2700
11.2200
11.1600
11.0000
10.8400
10.7800
10.7100
10.6400
10.5700
10.4900
10.4200
10.3700
10.3200
10.2400
10.1700
10.0000
9.84000
9.84000
9.84000
9.71000
9.58000
9.56000
9.53000
9.51000
9.48000
9.37000
9.26000
9.20000
9.15000
9.04000
8.93000
8.86000
8.80000
8.74000
8.68000
8.61000
8.55000
8.40000
8.26000
8.24000
8.23000
8.15000
8.07000
7.99000
7.91000
7.83000
7.76000
7.68000
7.60000
7.55000
7.51000
7.52000
7.53000
7.45000
7.37000
7.34000
7.31000
7.27000
7.23000
7.23000
7.24000
7.23000
7.22000
7.15000
7.08000
7.08000
7.07000
7.08000
7.09000
7.03000
6.98000
6.98000
7.00000
7.01000
7.04000
7.01000
6.99000
6.97000
6.95000
6.93000
6.90000
6.97000
7.05000
7.08000
7.12000
7.14000
7.16000
7.15000
7.15000
7.27000
7.40000
7.46000
7.52000
7.66000
7.81000
7.86000
7.91000
7.99000
8.08000
8.11000
8.13000
8.21000
8.29000
8.41000
8.54000
8.72000
8.91000
9.03000
9.15000
9.20000
9.24000
9.33000
9.41000
9.53000
9.65000
9.73000
9.81000
9.79000
9.77000
9.82000
9.87000
9.98000
10.0800
10.1000
10.1100
10.1500
10.2000
10.1900
10.1900
10.3100
10.4300
10.4900
10.5500
10.6600
10.7600
10.8100
10.8500
10.9100
10.9700
11.0300
11.0900
11.1800
11.2700
11.3100
11.3500
11.4300
11.5000
11.6600
11.8100
11.9200
12.0200
12.1400
12.2500
12.2900
12.3200
12.4800
12.6400
12.7400
12.8500
12.8900
12.9400
13.0300
13.1200
13.1000
13.0900
13.1300
13.1600
13.2000
13.2300
13.3100
13.4000
13.4400
13.4700
13.5400
13.6000
13.6900
13.7800
13.8600
13.9400
13.9600
13.9700
13.9800
13.9900
14.0400
14.0900
14.1100
14.1400
14.1900
14.2400
14.2900
14.3300
14.3500
14.3600
14.4200
14.4700
14.5000
14.5200
14.6000
14.6800
14.7600
14.8400
14.8200
14.7900
14.8300
14.8700
14.9000
14.9300
14.8500
14.7800
14.8300
14.8800
14.9900
15.1000
15.0500
15.0000
15.0900
15.1800
15.2300
15.2800
15.3600
15.4400
15.4200
15.4100
15.4600
15.5100
15.5500
15.5900
15.6300
15.6800
15.6900
15.6900
15.7400
15.7800
15.7200
15.6700
15.7100
15.7500
15.7200
15.6800
15.7600
15.8300
15.8000
15.7700
15.8000
15.8300
15.8500
15.8800
15.8900
15.9000
15.8400
15.7900
15.7000
15.6100
15.6100
15.6000
15.6000
15.5900
15.5900
15.5800
15.5800
15.5800
15.5400
15.4900
15.5000
15.5000
15.5000
15.4900
15.5200
15.5400
15.5200
15.4900
15.4500
15.4000
15.3500
15.2900
15.3000
15.3100
15.3200
15.3300
15.3100
15.2800
15.2900
15.2900
15.2800
15.2600
15.2100
15.1600
15.1400
15.1300
15.1000
15.0600
15.0600
15.0500
15.0700
15.0900
15.0100
14.9300
14.8900
14.8500
14.8000
14.7500
14.6800
14.6100
14.5800
14.5400
14.4700
14.3900
14.3200
14.2600
14.2100
14.1500
14.0800
14.0200
13.9400
13.8600
13.7800
13.7100
13.6700
13.6400
13.5900
13.5400
13.4700
13.3900
13.3300
13.2800
13.2500
13.2200
13.1600
13.0900
13.0100
12.9200
12.8500
12.7800
12.7300
12.6700
12.6500
12.6300
12.6000
12.5700
12.5600
12.5600
12.5400
12.5300
12.4700
12.4200
12.3100
12.2100
12.2100
12.2000
12.1500
12.0900
12.0500
12.0100
11.9900
11.9600
11.8700
11.7800
11.7100
11.6300
11.5900
11.5400
11.4800
11.4100
11.3000
11.1900
11.0800
10.9700
10.9300
10.8900
10.8300
10.7600
10.6800
10.6000
10.5500
10.4900
10.3600
10.2200
10.1700
10.1100
9.98000
9.85000
9.80000
9.76000
9.72000
9.69000
9.60000
9.51000
9.39000
9.28000
9.18000
9.08000
9.04000
8.99000
8.89000
8.79000
8.75000
8.70000
8.62000
8.55000
8.52000
8.48000
8.38000
8.28000
8.21000
8.15000
8.06000
7.98000
7.87000
7.76000
7.73000
7.71000
7.71000
7.71000
7.68000
7.66000
7.68000
7.71000
7.61000
7.52000
7.57000
7.62000
7.57000
7.52000
7.54000
7.55000
7.56000
7.58000
7.57000
7.56000
7.54000
7.53000
7.56000
7.58000
7.59000
7.59000
7.57000
7.54000
7.53000
7.53000
7.55000
7.58000
7.59000
7.59000
7.61000
7.64000
7.66000
7.68000
7.73000
7.78000
7.82000
7.85000
7.89000
7.94000
7.98000
8.01000
8.10000
8.19000
8.19000
8.18000
8.32000
8.45000
8.47000
8.49000
8.65000
8.82000
8.89000
8.97000
9.05000
9.13000
9.16000
9.20000
9.22000
9.24000
9.29000
9.33000
9.40000
9.47000
9.51000
9.55000
9.56000
9.58000
9.69000
9.80000
9.83000
9.86000
10.0100
10.1600
10.2600
10.3600
10.4100
10.4600
10.5300
10.6000
10.6700
10.7400
10.7800
10.8100
10.8800
10.9400
10.9900
11.0300
11.1000
11.1700
11.2300
11.2800
11.4200
11.5500
11.6300
11.7000
11.8700
12.0500
12.1200
12.1900
12.2900
12.3900
12.4600
12.5200
12.5200
12.5200
12.7100
12.9000
12.9200
12.9400
13.0200
13.1000
13.1200
13.1500
13.2700
13.3900
13.4500
13.5100
13.6300
13.7500
13.6800
13.6200
13.5700
13.5300
13.5800
13.6300
13.6200
13.6100
13.7200
13.8300
13.9700
14.1100
14.0100
13.9100
13.9700
14.0200
14.1200
14.2200
14.2100
14.2000
14.3100
14.4200
14.3700
14.3200
14.3800
14.4400
14.4000
14.3600
14.4000
14.4400
14.5900
14.7500
14.7600
14.7700
14.7400
14.7100
14.7800
14.8400
14.8800
14.9200
14.9700
15.0300
15.1000
15.1700
15.2300
15.3000
15.3100
15.3300
15.3400
15.3500
15.3200
15.2900
15.2600
15.2300
15.1800
15.1300
15.1200
15.1100
15.1300
15.1600
15.1800
15.2100
15.2100
15.2100
15.2600
15.3000
15.2800
15.2500
15.2800
15.3100
15.2700
15.2200
15.2300
15.2400
15.2200
15.2000
15.2500
15.2900
15.2600
15.2200
15.2600
15.2900
15.3200
15.3500
15.3100
15.2700
15.3300
15.3900
15.3800
15.3600
15.2300
15.1000
15.1800
15.2500
15.2100
15.1700
15.1800
15.2000
15.2300
15.2600
15.1900
15.1200
15.1100
15.1100
15.1000
15.0900
14.9900
14.8900
14.9000
14.9100
14.9100
14.9100
14.9000
14.8900
14.8600
14.8200
14.8200
14.8100
14.8000
14.7900
14.7500
14.7100
14.6900
14.6700
14.6700
14.6700
14.6400
14.6100
14.5500
14.4800
14.4200
14.3600
14.3200
14.2800
14.1900
14.1100
14.1200
14.1300
14.1100
14.1000
14.0100
13.9300
13.9300
13.9200
13.9100
13.8900
13.9000
13.9100
13.8500
13.7900
13.7300
13.6800
13.6500
13.6300
13.5300
13.4300
13.3700
13.3100
13.2800
13.2500
13.2400
13.2300
13.2000
13.1600
13.1300
13.1100
13.0400
12.9700
12.9400
12.9100
12.8900
12.8800
12.8200
12.7600
12.7100
12.6600
12.6300
12.6000
12.5100
12.4100
12.4000
12.3900
12.3500
12.3100
12.2300
12.1500
12.0700
11.9900
11.9700
11.9500
11.9600
11.9700
11.8400
11.7200
11.7100
11.7000
11.5200
11.3300
11.2800
11.2400
11.1600
11.0800
11.0000
10.9300
10.8600
10.8000
10.7000
10.5900
10.5800
10.5600
10.4100
10.2700
10.1500
10.0300
9.89000
9.75000
9.72000
9.70000
9.58000
9.46000
9.31000
9.15000
9.09000
9.02000
8.93000
8.84000
8.75000
8.67000
8.59000
8.52000
8.39000
8.25000
8.19000
8.12000
8.03000
7.94000
7.90000
7.86000
7.84000
7.82000
7.78000
7.75000
7.71000
7.67000
7.63000
7.61000
7.57000
7.53000
7.51000
7.48000
7.45000
7.43000
7.39000
7.35000
7.29000
7.24000
7.27000
7.31000
7.29000
7.27000
7.23000
7.18000
7.08000
6.99000
7.04000
7.10000
7.01000
6.92000
6.91000
6.91000
6.93000
6.96000
6.97000
6.98000
6.98000
6.99000
7.05000
7.11000
7.18000
7.26000
7.25000
7.25000
7.27000
7.30000
7.39000
7.49000
7.55000
7.62000
7.80000
7.98000
8.02000
8.07000
8.11000
8.14000
8.23000
8.33000
8.34000
8.36000
8.50000
8.63000
8.75000
8.87000
8.93000
8.99000
9.02000
9.05000
9.09000
9.12000
9.10000
9.08000
9.14000
9.21000
9.31000
9.41000
9.50000
9.59000
9.64000
9.69000
9.77000
9.84000
9.86000
9.87000
10.0700
10.2600
10.3600
10.4700
10.4600
10.4500
10.5200
10.5800
10.7100
10.8400
10.8700
10.9100
11.0200
11.1300
11.1600
11.1900
11.2400
11.2900
11.3500
11.4100
11.4700
11.5400
11.5800
11.6200
11.7200
11.8300
11.8600
11.8900
12.0400
12.1900
12.2900
12.3800
12.4600
12.5400
12.5900
12.6500
12.7200
12.7800
12.9200
13.0600
13.1500
13.2500
13.3700
13.4800
13.5400
13.6000
13.6400
13.6900
13.6700
13.6600
13.7300
13.8100
13.7800
13.7400
13.8500
13.9500
14.0100
14.0600
14.1300
14.2100
14.2800
14.3500
14.4400
14.5400
14.5600
14.5900
14.6200
14.6500
14.7000
14.7500
14.7400
14.7400
14.7900
14.8300
14.8300
14.8200
14.7900
14.7600
14.8200
14.8800
14.9200
14.9600
15.0600
15.1600
15.2100
15.2600
15.3000
15.3300
15.3600
15.4000
15.4000
15.4000
15.4000
15.4000
15.4000
15.3900
15.3900
15.3900
15.3600
15.3400
15.4000
15.4600
15.4600
15.4600
15.5500
15.6500
15.6600
15.6700
15.6600
15.6400
15.6800
15.7200
15.8100
15.9000
15.9200
15.9400
15.9100
15.8700
15.9000
15.9400
15.9500
15.9500
15.9600
15.9600
15.8700
15.7800
15.7500
15.7300
15.6800
15.6300
15.6000
15.5600
15.5600
15.5500
15.5600
15.5700
15.5700
15.5600
15.5700
15.5800
15.5700
15.5700
15.5500
15.5400
15.5700
15.6000
15.6400
15.6700
15.6400
15.6100
15.6100
15.6200
15.5700
15.5300
15.4100
15.2900
15.2800
15.2600
15.2200
15.1700
15.2500
15.3300
15.2800
15.2300
15.1800
15.1300
15.1100
15.0900
15.0300
14.9800
14.9200
14.8700
14.8500
14.8300
14.8300
14.8200
14.7900
14.7600
14.6900
14.6300
14.5700
14.5000
14.4300
14.3500
14.2600
14.1700
14.1200
14.0700
14.0200
13.9700
13.9600
13.9500
13.8900
13.8400
13.7800
13.7200
13.6400
13.5600
13.4900
13.4300
13.4400
13.4500
13.4400
13.4300
13.3400
13.2600
13.2000
13.1400
13.0800
13.0200
12.9600
12.9100
12.8500
12.7900
12.7600
12.7400
12.7000
12.6700
12.6700
12.6600
12.6300
12.5900
12.5800
12.5600
12.4900
12.4100
12.3300
12.2400
12.1600
12.0800
12.0500
12.0200
11.9300
11.8400
11.8200
11.7900
11.7400
11.6900
11.5100
11.3300
11.3400
11.3500
11.3000
11.2400
11.1600
11.0700
11.0100
10.9400
10.8300
10.7100
10.6400
10.5700
10.4600
10.3400
10.2600
10.1700
10.1300
10.0900
10.0200
9.94000
9.82000
9.70000
9.63000
9.56000
9.44000
9.33000
9.24000
9.14000
9.04000
8.93000
8.90000
8.86000
8.77000
8.67000
8.64000
8.60000
8.49000
8.38000
8.37000
8.37000
8.34000
8.31000
8.20000
8.09000
8.01000
7.94000
7.95000
7.97000
7.91000
7.85000
7.80000
7.74000
7.72000
7.70000
7.67000
7.65000
7.58000
7.53000
7.50000
7.48000
7.43000
7.38000
7.34000
7.29000
7.28000
7.27000
7.21000
7.16000
7.16000
7.16000
7.17000
7.18000
7.18000
7.18000
7.19000
7.20000
7.19000
7.18000
7.20000
7.23000
7.28000
7.34000
7.37000
7.40000
7.42000
7.44000
7.46000
7.49000
7.57000
7.66000
7.73000
7.79000
7.90000
8.00000
8.09000
8.17000
8.23000
8.30000
8.57000
8.85000
9.01000
9.17000
9.28000
9.39000
9.47000
9.56000
9.68000
9.79000
9.81000
9.82000
9.81000
9.80000
9.92000
10.0300
10.0800
10.1300
10.2600
10.3800
10.4700
10.5600
10.5800
10.6000
10.6700
10.7500
10.8100
10.8700
10.9800
11.0900
11.0500
11.0000
11.0800
11.1600
11.2300
11.2900
11.4100
11.5400
11.7000
11.8500
11.7900
11.7300
11.6900
11.6500
11.7200
11.7800
11.8200
11.8700
12.0100
12.1400
12.2800
12.4200
12.5300
12.6400
12.6600
12.6800
12.7000
12.7200
12.7800
12.8400
12.9700
13.0900
13.1400
13.1900
13.2700
13.3500
13.3900
13.4400
13.5300
13.6300
13.6800
13.7200
13.7700
13.8200
13.8100
13.8000
13.8700
13.9400
13.9900
14.0400
14.0300
14.0100
14.0400
14.0600
14.0600
14.0600
14.0900
14.1200
14.2000
14.2700
14.2700
14.2700
14.3400
14.4100
14.4200
14.4200
14.3900
14.3700
14.5400
14.7100
14.7400
14.7700
14.7700
14.7600
14.9200
15.0700
15.1200
15.1700
15.1400
15.1000
15.1300
15.1600
15.2300
15.3000
15.3800
15.4500
15.4500
15.4400
15.4400
15.4300
15.4100
15.3900
15.4500
15.5200
15.5100
15.4900
15.5800
15.6700
15.7000
15.7300
15.6700
15.6100
15.6700
15.7300
15.7900
15.8500
15.8700
15.9000
15.9400
15.9800
15.9900
16.0100
15.9300
15.8600
15.7800
15.7100
15.6700
15.6400
15.6400
15.6400
15.6900
15.7500
15.7700
15.7900
15.8800
15.9700
15.9700
15.9800
15.9100
15.8400
15.7800
15.7200
15.7900
15.8600
15.7700
15.6800
15.6700
15.6500
15.6400
15.6300
15.6200
15.6100
15.5900
15.5800
15.5800
15.5900
15.6100
15.6300
15.5500
15.4700
15.4500
15.4300
15.3500
15.2700
15.2900
15.3000
15.1600
15.0200
14.9600
14.9000
14.8500
14.7900
14.6900
14.5900
14.5800
14.5700
14.5100
14.4500
14.3700
14.2900
14.2600
14.2300
14.1800
14.1300
14.0200
13.9000
13.8400
13.7800
13.7900
13.8000
13.7500
13.6900
13.6400
13.5900
13.5500
13.5000
13.4900
13.4800
13.4200
13.3700
13.3100
13.2500
13.2200
13.1800
13.2000
13.2100
13.1600
13.1000
13.0900
13.0800
13.0400
13.0000
12.9600
12.9100
12.9000
12.8800
12.8200
12.7600
12.7200
12.6800
12.6400
12.6000
12.5600
12.5200
12.5000
12.4900
12.4100
12.3400
12.2800
12.2100
12.2000
12.1900
12.1200
12.0600
12.0700
12.0700
12.0600
12.0400
11.9700
11.9100
11.9100
11.9100
11.8800
11.8400
11.7700
11.7000
11.5600
11.4200
11.3700
11.3100
11.2400
11.1600
11.1500
11.1300
11.0700
11.0100
11.0000
10.9800
10.9000
10.8200
10.7500
10.6800
10.5300
10.3900
10.2600
10.1200
10.0500
9.99000
9.90000
9.82000
9.69000
9.57000
9.52000
9.48000
9.38000
9.28000
9.21000
9.15000
9.06000
8.97000
8.92000
8.87000
8.77000
8.67000
8.62000
8.57000
8.48000
8.39000
8.33000
8.26000
8.13000
8.01000
7.94000
7.88000
7.86000
7.85000
7.84000
7.83000
7.78000
7.72000
7.65000
7.59000
7.53000
7.48000
7.42000
7.38000
7.36000
7.34000
7.33000
7.33000
7.33000
7.33000
7.30000
7.27000
7.23000
7.20000
7.22000
7.25000
7.28000
7.31000
7.27000
7.23000
7.26000
7.29000
7.30000
7.30000
7.39000
7.48000
7.47000
7.46000
7.46000
7.46000
7.48000
7.50000
7.61000
7.72000
7.81000
7.89000
8.02000
8.14000
8.25000
8.37000
8.50000
8.64000
8.71000
8.78000
8.86000
8.94000
9.01000
9.08000
9.14000
9.20000
9.31000
9.42000
9.48000
9.54000
9.60000
9.66000
9.74000
9.82000
9.94000
10.0600
9.79000
9.52000
9.88000
10.2300
10.2700
10.3100
10.4100
10.5100
10.5900
10.6800
10.7600
10.8500
10.8300
10.8100
10.8500
10.8900
11.0100
11.1200
11.2000
11.2700
11.3500
11.4300
11.5300
11.6300
11.6900
11.7600
11.7900
11.8300
11.8500
11.8700
12.0000
12.1200
12.1200
12.1200
12.1900
12.2600
12.4200
12.5800
12.5500
12.5200
12.6000
12.6800
12.7600
12.8300
12.8500
12.8800
12.9300
12.9800
13.0600
13.1400
13.1700
13.1900
13.1700
13.1600
13.1600
13.1600
13.1700
13.1800
13.2700
13.3600
13.3600
13.3500
13.4100
13.4700
13.5600
13.6400
13.6700
13.7000
13.7700
13.8500
13.9000
13.9400
13.9700
14.0000
14.0100
14.0200
14.0800
14.1400
14.1200
14.1100
14.1300
14.1500
14.1300
14.1200
14.0800
14.0300
14.1400
14.2400
14.2900
14.3400
14.3700
14.4000
14.4400
14.4700
14.4800
14.5000
14.5400
14.5900
14.6600
14.7300
14.7600
14.7900
14.7800
14.7600
14.7300
14.6900
14.6700
14.6500
14.7300
14.8100
14.8100
14.8100
14.9000
14.9900
15.0200
15.0500
15.0400
15.0400
15.0500
15.0700
15.0800
15.1000
15.1300
15.1500
15.1700
15.1900
15.1900
15.2000
15.1300
15.0600
15.1000
15.1300
15.1600
15.2000
15.2000
15.1900
15.2200
15.2500
15.2100
15.1700
15.2300
15.2900
15.3300
15.3600
15.3700
15.3900
15.3900
15.4000
15.3100
15.2100
15.1600
15.1000
15.0900
15.0900
15.1000
15.1200
15.0900
15.0500
15.0600
15.0700
15.0400
15.0100
14.9900
14.9600
14.9100
14.8600
14.9400
15.0200
15.0100
14.9900
14.9000
14.8100
14.7900
14.7800
14.7700
14.7600
14.7100
14.6500
14.6400
14.6200
14.5500
14.4700
14.4400
14.4200
14.3600
14.3100
14.2400
14.1700
14.1200
14.0800
13.9700
13.8600
13.8600
13.8600
13.8100
13.7700
13.7400
13.7000
13.6500
13.5900
13.6100
13.6200
13.5500
13.4800
13.3900
13.2900
13.3200
13.3400
13.3000
13.2600
13.2600
13.2500
13.2000
13.1400
13.1100
13.0700
13.0000
12.9300
12.9000
12.8700
12.8100
12.7600
12.6700
12.5900
12.5300
12.4700
12.4200
12.3800
12.3400
12.3000
12.2500
12.2000
12.1900
12.1800
12.1600
12.1400
12.0800
12.0100
11.9900
11.9700
11.9300
11.9000
11.8500
11.8000
11.7600
11.7100
11.6200
11.5200
11.4500
11.3800
11.2500
11.1100
11.0000
10.8900
10.8100
10.7300
10.6700
10.6100
10.5000
10.3900
10.2400
10.1000
10.0600
10.0300
9.93000
9.84000
9.74000
9.63000
9.59000
9.55000
9.47000
9.40000
9.35000
9.30000
9.25000
9.21000
9.00000
8.79000
8.81000
8.83000
8.75000
8.67000
8.55000
8.43000
8.33000
8.24000
8.19000
8.14000
8.05000
7.97000
7.95000
7.94000
7.89000
7.85000
7.80000
7.75000
7.69000
7.63000
7.55000
7.48000
7.44000
7.40000
7.37000
7.34000
7.32000
7.29000
7.25000
7.22000
7.11000
7.00000
7.00000
7.00000
6.93000
6.87000
6.80000
6.73000
6.63000
6.53000
6.51000
6.50000
6.51000
6.52000
6.47000
6.44000
7.03000
7.63000
7.00000
6.37000
6.44000
6.52000
6.63000
6.74000
6.85000
6.97000
7.08000
7.19000
7.26000
7.33000
7.39000
7.45000
7.51000
7.57000
7.65000
7.72000
7.83000
7.93000
8.00000
8.06000
8.13000
8.21000
8.19000
8.17000
8.21000
8.24000
8.28000
8.31000
8.32000
8.33000
8.41000
8.49000
8.53000
8.58000
8.75000
8.92000
9.01000
9.10000
9.16000
9.23000
9.31000
9.39000
9.39000
9.40000
9.46000
9.53000
9.70000
9.86000
9.89000
9.92000
9.98000
10.0300
10.0900
10.1500
10.3200
10.4800
10.5300
10.5800
10.6800
10.7800
10.8900
11.0000
11.0900
11.1700
11.3200
11.4800
11.5200
11.5700
11.6700
11.7700
11.8100
11.8600
11.8300
11.7900
11.8100
11.8300
11.9800
12.1300
12.2000
12.2700
12.4300
12.6000
12.6000
12.6000
12.6400
12.6800
12.7600
12.8300
12.8800
12.9300
12.9200
12.9100
12.9800
13.0500
13.0300
13.0000
13.0900
13.1800
13.1700
13.1700
13.2100
13.2600
13.3000
13.3500
13.4900
13.6400
13.7200
13.8000
13.8700
13.9500
14.0300
14.1200
14.1200
14.1200
14.1200
14.1200
14.1800
14.2400
14.2300
14.2100
14.2800
14.3400
14.4100
14.4800
14.5100
14.5300
14.5400
14.5400
14.5700
14.6100
14.6800
14.7500
14.8100
14.8800
14.7900
14.7100
14.7800
14.8400
14.8600
14.8700
14.9300
14.9800
14.9800
14.9700
14.9900
15.0100
14.9500
14.8900
14.9100
14.9400
14.9800
15.0200
14.9800
14.9400
14.9000
14.8500
14.8800
14.9200
14.8900
14.8600
14.9300
15.0000
15.0700
15.1400
15.1800
15.2100
15.1800
15.1500
15.1500
15.1500
15.1600
15.1700
15.1400
15.1100
15.1400
15.1600
15.3100
15.4600
15.5400
15.6200
15.6600
15.6900
15.6400
15.5900
15.5900
15.5900
15.6100
15.6300
15.6300
15.6300
15.6200
15.6100
15.5700
15.5400
15.4500
15.3600
15.2700
15.1900
15.1900
15.1900
15.1700
15.1400
15.0900
15.0400
15.0500
15.0600
15.1000
15.1300
15.1000
15.0600
15.1200
15.1800
15.1400
15.1000
15.0000
14.9000
14.8900
14.8700
14.8900
14.9100
14.8500
14.7900
14.7700
14.7500
14.6800
14.6100
14.5700
14.5200
14.4700
14.4200
14.3700
14.3300
14.2500
14.1800
14.1700
14.1600
14.1200
14.0800
14.0300
13.9800
13.9500
13.9200
13.8300
13.7400
13.7500
13.7500
13.7500
13.7400
13.6400
13.5300
13.5100
13.4800
13.4600
13.4500
13.3300
13.2100
13.1300
13.0500
12.9500
12.8400
12.7700
12.6900
12.6600
12.6300
12.6000
12.5800
12.4900
12.4000
12.3200
12.2400
12.1900
12.1300
12.0900
12.0500
11.9300
11.8100
11.7800
11.7400
11.7400
11.7400
11.6500
11.5700
11.5000
11.4300
11.3800
11.3300
11.1800
11.0300
10.9300
10.8300
10.7700
10.7000
10.6300
10.5500
10.4200
10.2900
10.3000
10.3100
10.1600
10.0100
9.88000
9.75000
9.68000
9.61000
9.48000
9.35000
9.24000
9.13000
9.08000
9.03000
8.90000
8.77000
8.68000
8.58000
8.45000
8.33000
8.28000
8.23000
8.17000
8.11000
8.05000
8.00000
7.97000
7.94000
7.81000
7.69000
7.63000
7.58000
7.52000
7.46000
7.42000
7.39000
7.33000
7.26000
7.21000
7.16000
7.14000
7.13000
7.10000
7.07000
7.01000
6.96000
6.90000
6.86000
6.83000
6.81000
6.77000
6.74000
6.73000
6.73000
6.67000
6.60000
6.56000
6.52000
6.51000
6.50000
6.49000
6.48000
6.50000
6.52000
6.55000
6.59000
6.57000
6.56000
6.63000
6.71000
6.74000
6.76000
6.76000
6.76000
6.79000
6.83000
6.95000
7.07000
7.02000
6.97000
7.03000
7.10000
7.22000
7.35000
7.47000
7.59000
7.61000
7.64000
7.79000
7.94000
7.98000
8.01000
8.06000
8.11000
8.26000
8.40000
8.49000
8.58000
8.64000
8.69000
8.68000
8.67000
8.74000
8.80000
8.87000
8.93000
9.01000
9.08000
9.20000
9.32000
9.43000
9.54000
9.72000
9.90000
10.0600
10.2300
10.2100
10.2000
10.2700
10.3400
10.4000
10.4600
10.4500
10.4400
10.5800
10.7300
10.8300
10.9300
11.0100
11.0900
11.0600
11.0400
11.2000
11.3700
11.4000
11.4300
11.4900
11.5400
11.6000
11.6600
11.6900
11.7200
11.8000
11.8800
12.0200
12.1600
12.1800
12.2000
12.2300
12.2500
12.3200
12.3800
12.4700
12.5600
12.5800
12.5900
12.6000
12.6000
12.7400
12.8900
12.9800
13.0700
13.0700
13.0700
13.1700
13.2700
13.3600
13.4400
13.5100
13.5700
13.4600
13.3400
13.4000
13.4600
13.5900
13.7300
13.8500
13.9700
14.0400
14.1100
14.1500
14.1900
14.2400
14.2800
14.3400
14.4100
14.5000
14.5900
14.6100
14.6200
14.6000
14.5700
14.6700
14.7600
14.8200
14.8700
14.8500
14.8200
14.9000
14.9700
14.9300
14.9000
14.8600
14.8200
14.8200
14.8200
14.8900
14.9500
14.9900
15.0200
15.0700
15.1300
15.1900
15.2600
15.2900
15.3200
15.3400
15.3600
15.2900
15.2200
15.2900
15.3600
15.4000
15.4500
15.4300
15.4200
15.4300
15.4500
15.4800
15.5200
15.4700
15.4100
15.4500
15.4800
15.4900
15.5000
15.5100
15.5200
15.5400
15.5700
15.6000
15.6300
15.6800
15.7300
15.7300
15.7400
15.6700
15.6000
15.6000
15.6000
15.5600
15.5200
15.4400
15.3500
15.3600
15.3800
15.3700
15.3600
15.3100
15.2600
15.2500
15.2500
15.2800
15.3000
15.3100
15.3100
15.3100
15.3100
15.2100
15.1100
15.0500
14.9900
14.9900
14.9900
14.9400
14.8900
14.8600
14.8300
14.7700
14.7100
14.7000
14.6900
14.6300
14.5600
14.5700
14.5700
14.4900
14.4100
14.4100
14.4100
14.3700
14.3200
14.2600
14.2000
14.1400
14.0800
14.0100
13.9400
13.8300
13.7300
13.7000
13.6600
13.5700
13.4800
13.4200
13.3500
13.3200
13.3000
13.2500
13.2100
13.1900
13.1600
13.1400
13.1100
13.1000
13.0900
13.0300
12.9700
12.9300
12.8800
12.8000
12.7100
12.7000
12.7000
12.6700
12.6500
12.5700
12.4900
12.4100
12.3300
12.2600
12.2000
12.1300
12.0500
12.0900
12.1200
12.1100
12.1000
12.0100
11.9100
11.8900
11.8700
11.9300
11.9800
11.8900
11.7900
11.7900
11.7800
11.7700
11.7600
11.6700
11.5900
11.5400
11.4900
11.3900
11.2900
11.1700
11.0600
11.0600
11.0600
10.9900
10.9200
10.8500
10.7800
10.7100
10.6300
10.5500
10.4700
10.4200
10.3700
10.2500
10.1200
10.0200
9.92000
9.80000
9.67000
9.58000
9.49000
9.36000
9.24000
9.21000
9.18000
9.10000
9.03000
8.96000
8.90000
8.80000
8.71000
8.64000
8.58000
8.51000
8.44000
8.37000
8.31000
8.22000
8.13000
8.05000
7.97000
7.92000
7.87000
7.85000
7.84000
7.84000
7.85000
7.79000
7.73000
7.69000
7.64000
7.65000
7.66000
7.62000
7.59000
7.55000
7.51000
7.48000
7.45000
7.40000
7.36000
7.29000
7.23000
7.23000
7.25000
7.19000
7.15000
7.16000
7.18000
7.20000
7.23000
7.23000
7.24000
7.27000
7.31000
7.31000
7.32000
7.37000
7.41000
7.42000
7.44000
7.48000
7.53000
7.51000
7.49000
7.60000
7.71000
7.74000
7.77000
7.86000
7.94000
8.14000
8.34000
8.48000
8.63000
8.71000
8.78000
8.90000
9.02000
9.05000
9.08000
9.15000
9.22000
9.32000
9.43000
9.49000
9.56000
9.63000
9.71000
9.79000
9.88000
9.91000
9.95000
9.97000
9.99000
10.0100
10.0200
10.0600
10.1100
10.2100
10.3100
10.3700
10.4400
10.4500
10.4600
10.5400
10.6200
10.7200
10.8300
10.8900
10.9600
11.0100
11.0500
11.2400
11.4400
11.5800
11.7300
11.7100
11.7000
11.7100
11.7200
11.7400
11.7600
11.8300
11.9100
12.0000
12.0900
12.1500
12.2100
12.2300
12.2400
12.3200
12.3900
12.4400
12.4900
12.5300
12.5700
12.6000
12.6300
12.6600
12.6800
12.7200
12.7500
12.7600
12.7700
12.8200
12.8600
12.9300
12.9900
13.0800
13.1700
13.2500
13.3300
13.4000
13.4700
13.4800
13.4900
13.5000
13.5200
13.5900
13.6500
13.7600
13.8600
13.9200
13.9800
14.0000
14.0300
14.0900
14.1600
14.2300
14.3100
14.2700
14.2300
14.2700
14.3000
14.3000
14.3000
14.3100
14.3300
14.4200
14.5100
14.5400
14.5700
14.7100
14.8500
14.9100
14.9700
15.0400
15.1000
15.1400
15.1700
15.2500
15.3400
15.3300
15.3200
15.3700
15.4200
15.4100
15.3900
15.4300
15.4600
15.4800
15.5000
15.5000
15.4900
15.5100
15.5200
15.5100
15.5000
15.6000
15.6900
15.6500
15.6000
15.7000
15.7900
15.8100
15.8200
15.7900
15.7600
15.7500
15.7500
15.6200
15.5000
15.3900
15.2700
15.3100
15.3400
15.2500
15.1500
15.1200
15.0800
15.1300
15.1700
15.1900
15.2000
15.2400
15.2800
15.2900
15.2900
15.2500
15.2100
15.2200
15.2300
15.2500
15.2800
15.2400
15.1900
15.2400
15.3000
15.3300
15.3600
15.3300
15.2900
15.2600
15.2200
15.1600
15.0900
15.1100
15.1200
15.1400
15.1500
15.1600
15.1600
15.0800
15.0000
15.0000
14.9900
14.9800
14.9800
14.9300
14.8800
14.8300
14.7900
14.7200
14.6600
14.6100
14.5700
14.5000
14.4300
14.3600
14.2900
14.2700
14.2500
14.1700
14.1000
14.0600
14.0200
13.9700
13.9200
13.8800
13.8300
13.8200
13.8000
13.7600
13.7300
13.7000
13.6600
13.6200
13.5800
13.5700
13.5600
13.5100
13.4600
13.3800
13.3000
13.2900
13.2900
13.3000
13.3100
13.2700
13.2200
13.1800
13.1300
13.0400
12.9500
12.9400
12.9200
12.8600
12.7900
12.7300
12.6700
12.6300
12.6000
12.5900
12.5800
12.5300
12.4800
12.4400
12.4000
12.4100
12.4100
12.3700
12.3300
12.2700
12.2200
12.1800
12.1400
12.0600
11.9800
11.9200
11.8600
11.8300
11.7900
11.5600
11.3300
11.2800
11.2200
11.1800
11.1300
11.0800
11.0300
10.9700
10.9200
10.8200
10.7200
10.6300
10.5400
10.4900
10.4400
10.3300
10.2200
10.1000
9.98000
9.89000
9.80000
9.72000
9.63000
9.59000
9.54000
9.46000
9.38000
9.23000
9.08000
8.99000
8.90000
8.75000
8.60000
8.45000
8.30000
8.24000
8.18000
8.13000
8.09000
8.05000
8.01000
7.87000
7.74000
7.61000
7.49000
7.40000
7.31000
7.32000
7.33000
7.29000
7.26000
7.14000
7.15000
7.20000
7.15000
7.09000
7.08000
7.02000
7.06000
6.98000
6.95000
7.01000
6.96000
6.89000
6.91000
7.01000
7.03000
7.03000
7.05000
7.01000
7.13000
7.07000
7.09000
7.11000
7.16000
7.17000
7.16000
7.11000
7.21000
7.17000
7.20000
7.32000
7.38000
7.47000
7.50000
7.56000
7.64000
7.64000
7.62000
7.66000
7.72000
7.80000
8.01000
8.20000
8.28000
8.53000
8.48000
8.57000
8.60000
8.65000
8.67000
8.82000
8.84000
8.77000
8.92000
9.05000
8.95000
8.95000
8.99000
9.00000
9.10000
9.21000
9.28000
9.43000
9.43000
9.44000
9.41000
9.39000
9.43000
9.55000
9.69000
9.85000
9.95000
10.1200
10.1600
10.2400
10.2500
10.3500
10.3900
10.4500
10.5800
10.6500
10.7200
10.8300
10.9200
11.1100
11.1500
11.2700
11.3900
11.4700
11.4300
11.4500
11.5300
11.6100
11.6800
11.6900
11.7800
11.8600
11.9200
11.9800
12.0700
12.1000
12.1700
12.3900
12.4800
12.5200
12.6000
12.6700
12.7500
12.8200
12.9000
12.9700
13.0500
13.1200
13.1900
13.2600
13.3300
13.3900
13.4600
13.5200
13.5800
13.6400
13.7000
13.7600
13.8200
13.8700
13.9200
13.9800
14.0200
14.0700
14.1200
14.1600
14.2000
14.2400
14.2800
14.3200
14.3600
14.3900
14.4200
14.4500
14.4800
14.5100
14.5400
14.5700
14.5900
14.6100
14.6000
14.6200
14.7500
14.7500
14.7600
14.7800
14.7700
14.7900
14.8500
14.8300
14.8200
14.7500
14.7700
14.8300
14.8700
14.9300
14.9700
15.0400
15.1200
15.2200
15.2200
15.1400
15.1300
15.1300
15.1300
15.0200
15.0200
14.9700
14.9800
14.9900
15.0400
15.0500
15.0700
15.1000
15.1800
15.1400
15.1600
15.2200
15.3000
15.3500
15.4100
15.5900
15.5400
15.4700
15.5800
15.6400
15.7100
15.7300
15.7600
15.7900
15.8000
15.7500
15.7900
15.8200
15.8700
15.8900
15.8900
15.9100
15.9300
15.8900
15.7800
15.6300
15.6100
15.5800
15.4900
15.5000
15.4900
15.4500
15.4100
15.5100
15.4300
15.3800
15.3500
15.4000
15.3900
15.3300
15.2800
15.1700
15.1900
15.1900
15.2400
15.2600
15.3000
15.2400
15.2100
15.2300
15.2000
15.1900
15.1700
15.0500
14.9900
14.9200
14.9100
14.9000
14.8600
14.8200
14.7600
14.8000
14.7600
14.6500
14.6900
14.5700
14.3900
14.3800
14.3500
14.4200
14.4000
14.3600
14.3100
14.2200
14.1600
14.1400
14.0800
14.0200
13.9600
13.9100
13.8900
13.8300
13.7900
13.7000
13.6600
13.5900
13.5400
13.4900
13.4900
13.4200
13.3700
13.2900
13.2000
13.1100
13.0700
13.0100
12.9800
12.9700
12.9400
12.8800
12.8300
12.7800
12.7300
12.7300
12.5300
12.4400
12.3600
12.3600
12.3800
12.3200
12.2900
12.2500
12.1400
12.1000
12.1000
12.0300
11.9600
11.9600
11.9600
11.8800
11.9000
11.7700
11.7300
11.6600
11.6700
11.6200
11.4900
11.4800
11.5600
11.3200
11.3100
11.1900
11.0700
11.0600
10.8800
10.8100
10.7800
10.6700
10.6100
10.5100
10.3900
10.2900
10.2100
10.1700
10.1200
10.0500
9.89000
9.84000
9.67000
9.65000
9.62000
9.58000
9.48000
9.44000
9.37000
9.29000
9.10000
8.96000
9.01000
9.01000
8.92000
8.84000
8.72000
8.70000
8.64000
8.51000
8.44000
8.40000
8.35000
8.30000
8.34000
8.28000
8.33000
8.20000
8.04000
8.05000
7.95000
7.94000
7.89000
7.85000
7.79000
7.77000
7.66000
7.66000
7.67000
7.65000
7.57000
7.46000
7.43000
7.30000
7.37000
7.38000
7.23000
7.20000
7.24000
7.25000
7.17000
7.20000
7.19000
7.17000
7.15000
7.18000
7.20000
7.13000
7.17000
7.13000
7.01000
7.12000
7.18000
7.20000
7.26000
7.28000
7.37000
7.41000
7.46000
7.48000
7.47000
7.44000
7.47000
7.45000
7.53000
7.61000
7.61000
7.71000
7.83000
7.95000
8.04000
8.15000
8.11000
8.17000
8.26000
8.43000
8.54000
8.59000
8.63000
8.75000
8.78000
8.84000
8.94000
9.13000
9.23000
9.30000
9.29000
9.30000
9.33000
9.37000
9.38000
9.48000
9.49000
9.55000
9.63000
9.74000
9.76000
9.74000
9.83000
9.92000
9.95000
10.0900
10.1800
10.3300
10.3400
10.3500
10.4100
10.5100
10.6000
10.7100
10.8500
10.9200
11.0200
11.1100
11.3000
11.3600
11.4600
11.4800
11.4900
11.5400
11.6000
11.7000
11.8800
11.9500
12.0300
12.0500
12.0600
12.1600
12.2700
12.4300
12.4500
12.5600
12.5600
12.6400
12.7200
12.8200
12.9600
13.0200
13.0700
13.1100
13.2300
13.2500
13.3400
13.4500
13.4800
13.5700
13.5400
13.6100
13.5700
13.6200
13.6300
13.7200
13.7600
13.9000
13.8800
13.9100
13.9300
13.9100
13.9000
13.9200
14.0000
13.9800
13.9900
14.0300
14.1600
14.1700
14.1300
14.1000
14.1300
14.2900
14.4300
14.5100
14.5500
14.5900
14.6300
14.7100
14.7300
14.6800
14.7400
14.8100
14.8800
14.9000
15.0000
15.0200
15.1100
15.0800
15.1200
15.1200
15.1700
15.1700
15.0800
15.0200
15.1100
15.1600
15.1900
15.1700
15.0900
15.1500
15.1500
15.1700
15.2600
15.3400
15.3400
15.2300
15.1400
15.1600
15.1700
15.2000
15.0900
15.0700
15.1300
15.1500
15.2000
15.2100
15.2600
15.3000
15.3900
15.3500
15.3500
15.3900
15.3800
15.2900
15.3200
15.4200
15.4600
15.4200
15.5100
15.3900
15.3200
15.2100
15.1300
15.1300
15.0800
15.1100
15.1200
15.1600
15.0700
15.0500
15.0500
15.1200
15.1500
15.1900
15.1200
15.0700
15.0300
15.0100
14.9800
15.0100
15.0400
15.0200
15.0500
15.0100
14.9000
14.7800
14.7100
14.8100
14.7600
14.7100
14.6400
14.5700
14.5300
14.4400
14.4100
14.3500
14.2900
14.1400
14.1600
14.0700
14.0300
13.8400
13.7800
13.7800
13.7500
13.7300
13.7200
13.7100
13.5400
13.4900
13.4500
13.3900
13.3400
13.3600
13.2500
13.2300
13.2400
13.2000
13.1400
13.1300
13.1300
13.1400
13.0800
13.0700
13.0100
13.0000
12.9300
12.9800
12.9400
12.8800
12.9000
12.8200
12.9100
12.8800
12.8300
12.7700
12.7600
12.7800
12.7900
12.7600
12.7600
12.7300
12.7400
12.6800
12.6600
12.6500
12.6000
12.5500
12.5400
12.5500
12.5300
12.4800
12.4600
12.4300
12.3800
12.3400
12.4000
12.3400
12.2500
12.2400
12.2100
12.1600
12.1700
12.0900
12.0500
12.0000
11.8800
11.8800
11.8500
11.8200
11.7200
11.6700
11.6000
11.5600
11.5500
11.2300
11.1700
11.0200
11.0600
10.9600
10.8900
10.8100
10.7600
10.7600
10.6100
10.5300
10.5000
10.4100
10.2000
10.1100
10.0700
10.0100
9.90000
9.75000
9.57000
9.54000
9.52000
9.41000
9.33000
9.25000
9.22000
9.05000
9.01000
8.87000
8.78000
8.78000
8.74000
8.68000
8.61000
8.47000
8.39000
8.34000
8.24000
8.22000
8.15000
8.12000
8.04000
7.97000
7.95000
7.85000
7.82000
7.83000
7.77000
7.71000
7.53000
7.46000
7.40000
7.34000
7.37000
7.38000
7.39000
7.40000
7.28000
7.28000
7.11000
7.09000
7.08000
7.06000
7.07000
7.08000
6.98000
7.00000
6.96000
6.94000
6.97000
6.97000
6.91000
6.89000
6.90000
6.89000
6.88000
6.86000
6.96000
6.93000
6.96000
6.98000
6.89000
6.90000
6.85000
6.89000
6.97000
7.05000
7.18000
7.21000
7.26000
7.22000
7.23000
7.43000
7.47000
7.58000
7.68000
7.67000
7.75000
7.88000
7.98000
8.07000
8.14000
8.22000
8.43000
8.57000
8.56000
8.61000
8.73000
8.86000
9.05000
9.23000
9.29000
9.39000
9.48000
9.56000
9.63000
9.68000
9.78000
9.88000
9.94000
9.97000
10.0500
10.0000
10.2000
10.2600
10.3000
10.3700
10.3400
10.4000
10.3700
10.4100
10.5900
10.7000
10.6500
10.6300
10.6900
10.7500
10.8800
10.8400
10.9800
11.0200
11.0800
11.2500
11.4800
11.5600
11.6700
11.8800
11.9600
12.0300
12.1100
12.2800
12.3900
12.4500
12.4700
12.5700
12.7000
12.8500
12.8700
12.8500
12.9200
12.9900
13.0700
13.0100
13.0900
13.1600
13.1200
13.1500
13.1700
13.0900
13.1200
13.2300
13.3400
13.3500
13.3600
13.3600
13.5000
13.5500
13.5600
13.6300
13.6400
13.7300
13.7400
13.8000
13.9700
14.0500
14.1200
13.9900
14.0100
14.0200
14.1400
14.2400
14.2900
14.3500
14.3700
14.3600
14.4300
14.4100
14.4900
14.4200
14.3800
14.4300
14.5800
14.6600
14.7000
14.6900
14.7100
14.7100
14.6800
14.7000
14.8400
14.7700
14.7900
14.8800
15.0100
14.9900
15.0400
15.0600
15.0500
15.0600
15.0500
14.9900
14.9800
15.0000
15.0900
15.2900
15.3600
15.2500
15.1600
15.1800
15.1800
15.2600
15.2900
15.3500
15.3700
15.4100
15.3700
15.3600
15.3800
15.4500
15.5200
15.5900
15.7000
15.7700
15.7700
15.7900
15.7900
15.7700
15.7200
15.6800
15.6900
15.7300
15.7800
15.8300
15.8900
15.9500
15.9400
15.9000
15.7900
15.7000
15.5900
15.4900
15.4500
15.3700
15.4200
15.4600
15.4800
15.4600
15.3300
15.3200
15.2400
15.2300
15.2900
15.2900
15.3000
15.3200
15.2600
15.2800
15.2600
15.2400
15.1700
15.1800
15.0600
14.8100
14.6800
14.6400
14.5400
14.4500
14.4500
14.4200
14.3500
14.1900
14.1100
14.0100
14.1200
14.1100
14.0500
14.0100
13.9600
13.8600
13.8500
13.7500
13.6200
13.5700
13.6200
13.5100
13.4900
13.4400
13.4600
13.5000
13.4900
13.4900
13.4500
13.3900
13.3100
13.3300
13.3400
13.2200
13.1600
13.1700
13.1800
13.1300
13.1300
13.1000
13.1000
13.0500
12.9500
12.8700
12.8800
12.8200
12.7600
12.7100
12.6800
12.6700
12.6300
12.5000
12.2900
12.1700
12.1700
12.0800
12.0800
12.0400
11.9800
11.9400
11.9000
11.8500
11.7600
11.7000
11.6800
11.6900
11.6700
11.6200
11.5400
11.4200
11.4100
11.2900
11.2700
11.2700
11.2400
11.1600
11.0900
11.0500
11.0200
10.9800
10.9300
10.8000
10.5200
10.4700
10.3900
10.3500
10.2300
10.2100
10.1200
9.98000
9.95000
9.79000
9.72000
9.62000
9.51000
9.47000
9.20000
9.08000
9.00000
8.96000
8.86000
8.77000
8.73000
8.68000
8.49000
8.37000
8.24000
8.14000
8.03000
7.84000
7.82000
7.79000
7.69000
7.62000
7.47000
7.45000
7.44000
7.30000
7.25000
7.09000
7.10000
7.04000
7.01000
6.96000
6.95000
6.87000
6.84000
6.81000
6.66000
6.59000
6.55000
6.54000
6.46000
6.51000
6.42000
6.36000
6.31000
6.27000
6.22000
6.20000
6.18000
6.16000
6.17000
6.15000
6.20000
6.19000
6.21000
6.15000
6.14000
6.18000
6.11000
6.20000
6.18000
6.10000
6.08000
6.13000
6.10000
6.10000
6.10000
6.06000
6.11000
6.07000
6.05000
6.07000
6.01000
6.04000
6.05000
6.12000
6.14000
6.12000
6.18000
6.24000
6.33000
6.40000
6.60000
6.74000
6.88000
7.08000
7.18000
7.19000
7.24000
7.26000
7.43000
7.57000
7.66000
7.86000
7.93000
8.11000
8.38000
8.54000
8.70000
8.97000
9.13000
9.29000
9.42000
9.50000
9.56000
9.52000
9.60000
9.69000
9.76000
9.80000
9.84000
9.85000
9.96000
10.1700
10.2700
10.2800
10.2300
10.3100
10.3700
10.5000
10.6200
10.6700
10.7400
10.8000
10.8300
10.9300
10.9000
10.9800
11.0700
11.1700
11.1700
11.2300
11.2500
11.4700
11.4900
11.4900
11.5200
11.6600
11.6800
11.7300
11.8500
11.9700
11.9900
12.1600
12.2400
12.2800
12.4000
12.4700
12.5200
12.4700
12.5400
12.6500
12.7100
12.7000
12.7800
12.9000
12.9700
13.0500
13.1200
13.2300
13.1700
13.2000
13.2900
13.3900
13.4200
13.4700
13.4700
13.4400
13.3700
13.3000
13.2800
13.2600
13.2900
13.3500
13.4300
13.5800
13.5900
13.6100
13.6300
13.6900
13.7200
13.7400
13.8100
13.8600
13.9600
13.9800
14.1200
14.1200
14.1700
14.1900
14.2300
14.2500
14.3400
14.3100
14.4100
14.3900
14.4600
14.5100
14.5600
14.5400
14.5400
14.5300
14.4800
14.5600
14.5800
14.6100
14.5900
14.6100
14.5100
14.5700
14.5400
14.5900
14.6500
14.7000
14.7500
14.8100
14.8500
14.9300
14.9800
15.0500
15.0600
15.0600
15.0700
15.1400
15.1800
15.1200
15.1200
15.2300
15.2500
15.3400
15.2900
15.2800
15.2200
15.2200
15.2100
15.1200
15.0300
15.0600
15.1000
15.0700
15.1800
15.1800
15.1600
15.1700
15.1500
15.1800
15.1900
15.1700
15.2300
15.1800
15.1900
15.2100
15.1300
15.1000
15.0800
15.0100
15.0500
15.1200
15.0800
14.9500
14.9500
15.0200
15.1600
15.2000
15.2100
15.1900
15.1300
15.1200
15.1200
15.1000
15.0500
15.0300
14.9700
14.8700
14.7600
14.7000
14.6600
14.6600
14.6200
14.5800
14.6100
14.5500
14.4100
14.3900
14.4200
14.4100
14.3900
14.3200
14.2700
14.2000
14.1300
14.0200
14.0500
14.0200
13.9300
13.8600
13.8100
13.8100
13.7200
13.7000
13.7000
13.6800
13.6100
13.5500
13.4900
13.5500
13.5000
13.4300
13.3700
13.4100
13.3700
13.3000
13.2500
13.1900
13.1700
13.1000
13.0800
13.0200
13.0200
13.0100
12.9700
12.9400
12.9500
12.8700
12.8800
12.6900
12.6700
12.6800
12.6300
12.5900
12.5500
12.4700
12.4300
12.3400
12.2600
12.1600
12.1900
12.2000
12.1200
12.0500
12.0100
11.9500
11.8800
11.8800
11.8800
11.8200
11.8200
11.7400
11.5900
11.5600
11.5900
11.4500
11.4100
11.2700
11.2100
10.8900
10.7800
10.6900
10.6200
10.4800
10.2100
10.1200
10.1400
10.0800
9.93000
9.98000
9.77000
9.67000
9.50000
9.41000
9.37000
9.22000
9.13000
9.13000
9.11000
8.96000
8.92000
8.87000
8.81000
8.75000
8.53000
8.45000
8.33000
8.25000
8.15000
8.00000
7.90000
7.91000
7.79000
7.68000
7.71000
7.75000
7.65000
7.65000
7.66000
7.57000
7.56000
7.52000
7.45000
7.40000
7.39000
7.41000
7.34000
7.24000
7.28000
7.27000
7.17000
7.15000
7.12000
7.04000
7.09000
6.95000
6.90000
6.91000
6.83000
6.82000
6.72000
6.75000
6.69000
6.80000
6.81000
6.74000
6.63000
6.53000
6.46000
6.46000
6.46000
6.43000
6.36000
6.36000
6.27000
6.28000
6.27000
6.37000
6.31000
6.39000
6.35000
6.30000
6.28000
6.32000
6.40000
6.41000
6.42000
6.43000
6.49000
6.56000
6.68000
6.82000
6.97000
6.99000
7.13000
7.22000
7.33000
7.50000
7.55000
7.68000
7.78000
7.98000
8.23000
8.42000
8.58000
8.76000
8.87000
8.96000
9.19000
9.20000
9.16000
9.24000
9.20000
9.25000
9.29000
9.28000
9.38000
9.49000
9.54000
9.62000
9.59000
9.64000
9.82000
9.95000
10.0300
10.0200
10.1100
10.1700
10.2700
10.3900
10.4800
10.5800
10.6100
10.6800
10.7400
10.7500
10.7400
10.9000
10.9100
10.9600
11.0500
11.1000
11.1800
11.2300
11.3200
11.4700
11.5700
11.6200
11.5900
11.6400
11.6800
11.7000
11.8900
11.9500
11.9800
12.1000
12.1600
12.2000
12.2500
12.3600
12.4100
12.4300
12.4600
12.4700
12.6200
12.6800
12.7900
12.8300
12.8500
12.9200
12.9300
12.9300
12.9600
13.0500
13.1800
13.1900
13.3400
13.4300
13.5200
13.6200
13.8300
13.7200
13.7300
13.7900
13.8300
13.8700
13.8500
13.9700
14.0400
14.0300
14.1400
14.1900
14.2700
14.2500
14.3000
14.2900
14.3500
14.3300
14.2900
14.3600
14.4400
14.5100
14.5500
14.6100
14.6600
14.7100
14.7800
14.7000
14.7700
14.8700
15.0000
14.9600
14.9700
15.0600
15.2000
15.1600
15.1300
15.1500
15.1400
15.2300
15.2000
15.2000
15.1900
15.1100
15.0900
15.1300
15.1200
15.1900
15.2100
15.3000
15.3100
15.2700
15.2800
15.2400
15.2200
15.2500
15.2600
15.2500
15.2400
15.2900
15.2400
15.2500
15.1600
15.2200
15.2300
15.1600
15.1400
15.1400
15.1200
15.1700
15.2400
15.2900
15.2700
15.2800
15.2800
15.2700
15.2500
15.2300
15.1900
15.1100
15.1500
15.1800
15.2400
15.2500
15.2900
15.3000
15.3000
15.3200
15.3100
15.3100
15.2900
15.1800
15.1700
15.1000
15.0700
14.9600
14.9000
14.8800
14.7800
14.7300
14.7100
14.6700
14.5700
14.4900
14.5000
14.4900
14.4800
14.4700
14.4800
14.4400
14.4700
14.3900
14.3800
14.3900
14.3700
14.4200
14.3600
14.2700
14.1200
14.0800
14.0600
13.9800
13.9000
13.8200
13.7500
13.6600
13.5400
13.4600
13.4100
13.4100
13.3800
13.4000
13.3200
13.2500
13.1300
13.1400
13.1000
13.0800
13.0500
12.9900
12.9900
13.0400
12.9800
12.9800
12.9500
12.9500
12.8900
12.9000
12.8300
12.8300
12.8600
12.8700
12.8200
12.7900
12.7000
12.5700
12.5600
12.5100
12.5000
12.3900
12.3300
12.2900
12.3000
12.2700
12.2500
12.2400
12.2400
12.2000
12.2000
12.1200
12.0900
12.0400
11.9500
11.9100
11.9500
11.8400
11.8200
11.8400
11.7800
11.7100
11.7400
11.6800
11.6700
11.6300
11.5000
11.2700
11.2300
11.1700
11.1300
11.0900
10.9800
10.9600
10.8900
10.8200
10.7200
10.7500
10.6200
10.5500
10.5100
10.3800
10.2400
10.1800
10.1500
10.0400
9.96000
9.80000
9.81000
9.74000
9.65000
9.47000
9.35000
9.27000
9.22000
9.10000
8.99000
8.95000
8.81000
8.73000
8.62000
8.56000
8.47000
8.43000
8.32000
8.18000
8.12000
8.07000
7.92000
7.94000
7.93000
7.92000
7.84000
7.72000
7.69000
7.66000
7.71000
7.61000
7.60000
7.55000
7.50000
7.46000
7.38000
7.36000
7.33000
7.34000
7.28000
7.22000
7.17000
7.21000
7.30000
7.30000
7.27000
7.20000
7.15000
7.14000
7.23000
7.27000
7.24000
7.23000
7.21000
7.21000
7.27000
7.24000
7.29000
7.33000
7.41000
7.42000
7.45000
7.49000
7.55000
7.63000
7.71000
7.71000
7.81000
7.93000
8.02000
8.08000
8.16000
8.33000
8.35000
8.53000
8.60000
8.69000
8.77000
8.76000
8.84000
8.92000
9.00000
9.05000
9.13000
9.27000
9.24000
9.28000
9.37000
9.39000
9.39000
9.43000
9.42000
9.44000
9.55000
9.68000
9.71000
9.78000
9.75000
9.75000
9.85000
9.96000
10.1000
10.1300
10.3100
10.3400
10.3100
10.3800
10.4200
10.5200
10.5800
10.6600
10.5900
10.6700
10.7900
10.9400
10.9900
10.9800
11.0600
11.3100
11.5100
11.5700
11.7100
11.8200
11.9100
11.9100
12.0500
12.1700
12.1900
12.2100
12.3200
12.3600
12.4500
12.4000
12.5400
12.6300
12.6600
12.8300
12.8500
13.0100
13.0600
13.0000
12.9800
13.0700
13.1700
13.1100
13.1500
13.1600
13.2600
13.3400
13.3000
13.3200
13.4100
13.5300
13.5000
13.5400
13.5300
13.5200
13.5400
13.6100
13.6200
13.6300
13.6900
13.7700
13.8200
13.8600
13.9600
14.0700
14.0500
14.0400
13.9800
14.1400
14.2000
14.2500
14.2600
14.2900
14.3500
14.4000
14.4900
14.6500
14.7200
14.8100
14.8600
14.9100
14.9700
14.9300
15.0300
15.0800
15.1200
15.1900
15.2400
15.2700
15.3300
15.2700
15.2400
15.2000
15.1800
15.2400
15.2800
15.2400
15.2500
15.2800
15.3900
15.4700
15.5300
15.6600
15.5000
15.4700
15.4800
15.3700
15.3600
15.3700
15.5000
15.5500
15.5300
15.5300
15.4800
15.5800
15.5600
15.4300
15.2500
15.2300
15.3200
15.4300
15.4600
15.5000
15.5400
15.4300
15.5500
15.5800
15.5800
15.6200
15.6400
15.6100
15.6900
15.6500
15.7200
15.7200
15.5800
15.5300
15.5500
15.4700
15.3500
15.3500
15.4200
15.4500
15.4900
15.5100
15.4700
15.4800
15.4200
15.3800
15.4200
15.4400
15.3700
15.3400
15.2800
15.2200
15.1400
15.1100
15.1100
15.1200
15.0800
15.0100
15.0500
15.0800
15.0400
15.0300
15.0100
14.9400
14.9400
14.8800
14.8300
14.7900
14.7400
14.7700
14.6300
14.5600
14.5900
14.5000
14.4700
14.2900
14.1800
14.1200
14.0900
14.0400
14.0100
13.8900
13.9100
13.8300
13.7700
13.7200
13.7500
13.6700
13.5700
13.5500
13.4900
13.4900
13.4500
13.3500
13.2500
13.2100
13.1200
13.0800
12.9600
12.9400
12.8700
12.8200
12.7900
12.8100
12.7300
12.6800
12.6700
12.5800
12.5700
12.4700
12.3400
12.3400
12.2800
12.3000
12.2600
12.2200
12.2100
12.1800
12.1900
12.0600
12.0100
12.0300
11.9500
11.9200
11.8300
11.7400
11.7700
11.7400
11.6300
11.5800
11.5700
11.5200
11.5100
11.4500
11.3900
11.2700
11.2500
11.2400
11.1400
10.9800
10.7500
10.7100
10.6500
10.5800
10.4700
10.3200
10.0800
10.0100
9.91000
9.82000
9.64000
9.53000
9.49000
9.40000
9.36000
9.24000
9.21000
9.09000
8.98000
8.96000
8.98000
8.86000
8.77000
8.75000
8.68000
8.60000
8.52000
8.42000
8.42000
8.44000
8.43000
8.23000
8.13000
8.07000
8.06000
8.05000
8.00000
7.89000
7.84000
7.78000
7.69000
7.57000
7.50000
7.38000
7.35000
7.27000
7.18000
7.14000
7.13000
7.06000
7.02000
6.95000
6.87000
6.80000
6.76000
6.80000
6.65000
6.57000
6.47000
6.41000
6.40000
6.39000
6.35000
6.32000
6.28000
6.27000
6.19000
6.15000
6.15000
6.16000
6.22000
6.20000
6.21000
6.23000
6.15000
6.18000
6.16000
6.19000
6.27000
6.32000
6.35000
6.37000
6.31000
6.38000
6.43000
6.50000
6.60000
6.75000
6.87000
6.88000
6.94000
7.01000
7.23000
7.29000
7.28000
7.41000
7.65000
7.83000
8.00000
8.14000
8.29000
8.35000
8.50000
8.69000
8.86000
8.89000
8.86000
8.82000
8.84000
8.90000
8.97000
8.99000
9.09000
9.19000
9.31000
9.47000
9.60000
9.60000
9.63000
9.74000
9.80000
9.92000
10.1100
10.2800
10.4100
10.4900
10.6000
10.6500
10.8000
10.8300
10.9300
11.0000
10.9500
11.0100
11.0900
11.2100
11.2700
11.3800
11.2900
11.3600
11.3900
11.4500
11.6000
11.5800
11.5700
11.5900
11.6800
11.8400
11.8900
11.9400
11.9900
12.0700
12.0900
12.1000
12.1700
12.2500
12.2800
12.4600
12.5600
12.6100
12.7900
12.8700
12.9800
13.0800
13.0900
13.0500
13.1200
13.1700
13.2200
13.2900
13.3900
13.4300
13.6000
13.5100
13.5100
13.4500
13.4700
13.5700
13.6500
13.7100
13.6700
13.6900
13.8100
13.8200
13.8600
13.8900
13.8300
13.9200
13.9700
14.0400
14.1100
14.0700
14.1400
14.2200
14.2300
14.2800
14.3100
14.3700
14.4200
14.4500
14.5100
14.6200
14.5500
14.6100
14.6400
14.6500
14.7100
14.7500
14.8000
14.8600
14.9300
15.0100
15.0800
15.0500
15.0500
15.0600
15.0700
15.0800
15.0600
15.1000
15.1200
15.0500
15.1100
15.0800
15.1200
15.1500
15.1500
15.1500
15.1600
15.0900
15.1200
15.1700
15.2000
15.2200
15.2700
15.3300
15.3100
15.2700
15.2700
15.1900
15.1800
15.2000
15.2400
15.2500
15.3300
15.3100
15.3200
15.2800
15.2300
15.2100
15.1900
15.1000
15.1200
15.1400
15.1700
15.1900
15.2300
15.2600
15.2100
15.1200
15.1200
15.0900
14.9900
15.0700
15.0500
15.0800
15.1300
15.1100
15.1400
15.2000
15.1900
15.1300
15.1100
15.1000
15.1200
15.0500
14.9900
14.9300
14.8200
14.8400
14.7800
14.7700
14.7900
14.8100
14.7400
14.7100
14.6700
14.6600
14.6000
14.5500
14.4800
14.5000
14.4800
14.5000
14.4600
14.3700
14.3700
14.3700
14.3600
14.3300
14.3100
14.2300
14.1500
14.0400
13.9800
14.0600
14.0200
13.9800
13.9900
14.0100
13.9100
13.8100
13.7900
13.7900
13.7700
13.7400
13.7100
13.6700
13.6100
13.5700
13.5500
13.5200
13.4200
13.3800
13.3500
13.2900
13.2000
13.0900
13.0700
13.0100
13.0100
13.0300
12.9500
12.9100
12.8600
12.6900
12.6300
12.5200
12.4800
12.4500
12.4300
12.4100
12.3000
12.2200
12.2300
12.2300
12.1700
12.0600
12.0700
11.9800
11.8800
11.8300
11.8100
11.7500
11.7000
11.6700
11.6000
11.6200
11.5500
11.4500
11.3800
11.3600
11.2800
11.2600
11.1500
10.9900
10.9000
10.8500
10.8000
10.7600
10.7400
10.6400
10.6200
10.4800
10.4000
10.3500
10.3100
10.2100
10.0700
9.92000
9.86000
9.73000
9.67000
9.57000
9.44000
9.29000
9.18000
9.18000
9.13000
9.02000
9.00000
8.92000
8.86000
8.74000
8.65000
8.55000
8.43000
8.30000
8.29000
8.27000
8.15000
8.13000
8.02000
7.88000
7.84000
7.75000
7.65000
7.64000
7.56000
7.48000
7.52000
7.46000
7.36000
7.31000
7.38000
7.30000
7.20000
7.27000
7.27000
7.20000
7.22000
7.13000
7.17000
7.17000
7.19000
7.10000
7.00000
7.04000
6.99000
7.00000
6.91000
6.91000
6.93000
6.98000
6.95000
6.96000
6.93000
6.95000
7.02000
6.92000
6.94000
7.01000
7.13000
7.09000
7.11000
7.12000
7.17000
7.15000
7.16000
7.17000
7.21000
7.28000
7.34000
7.34000
7.40000
7.58000
7.72000
7.86000
7.95000
7.97000
7.98000
8.16000
8.10000
8.13000
8.07000
8.13000
8.24000
8.36000
8.42000
8.42000
8.50000
8.62000
8.76000
8.88000
9.02000
9.02000
9.19000
9.32000
9.36000
9.50000
9.63000
9.72000
9.78000
9.89000
9.95000
10.0100
10.0800
10.0900
10.2100
10.3000
10.3600
10.4000
10.5200
10.5600
10.7000
10.6900
10.6700
10.8100
10.8500
10.9200
10.9100
10.9800
11.0100
11.0000
11.0700
11.1100
11.2200
11.3000
11.3700
11.4600
11.4300
11.5900
11.6800
11.8000
11.8700
11.9600
11.9800
12.0000
12.1600
12.2600
12.3400
12.4600
12.4300
12.5600
12.5400
12.7100
12.7400
12.8700
12.8900
12.9100
12.8900
12.9200
13.0300
13.1600
13.2400
13.3400
13.3600
13.4000
13.4700
13.5400
13.5500
13.6100
13.6100
13.6700
13.7300
13.7300
13.8400
13.9200
13.9500
13.9300
14.0000
14.1100
14.0700
14.0900
14.1100
14.1400
14.0500
14.0400
14.0000
14.0900
14.2400
14.2900
14.3500
14.3400
14.3300
14.4500
14.4300
14.4700
14.4700
14.5200
14.5300
14.5100
14.4700
14.5300
14.4800
14.5300
14.5600
14.6600
14.6600
14.6700
14.7100
14.7700
14.7700
14.8200
14.9200
14.8500
14.8800
14.9200
14.8900
14.8700
14.8800
14.9000
14.9000
14.8800
14.8500
14.8900
14.9600
14.9400
14.9900
14.9700
14.9800
14.9200
14.9400
15.0600
15.0700
15.0100
15.0000
15.0200
15.0200
15.0200
14.9600
15.0000
15.0200
15.0700
15.0200
15.0400
15.0500
14.9800
14.9200
14.8700
14.9200
14.8500
14.8500
14.9000
14.9200
14.9100
14.9100
14.9900
15.0300
15.0300
14.9900
15.0200
14.9500
14.9300
15.0000
15.0300
15.0500
15.0800
15.0900
14.9700
14.8800
14.8600
14.7400
14.6700
14.7000
14.6700
14.6100
14.4600
14.4600
14.3700
14.3600
14.3200
14.2600
14.2600
14.1200
14.1200
14.1200
14.1200
14.0200
14.0200
13.9400
13.8300
13.7800
13.7300
13.7000
13.6700
13.6600
13.6100
13.5100
13.4300
13.4100
13.4100
13.4000
13.3400
13.3100
13.2900
13.2900
13.2700
13.2900
13.2900
13.2500
13.2100
13.1100
13.0900
12.9800
12.9300
12.8100
12.7400
12.6600
12.5600
12.4500
12.3900
12.3400
12.2600
12.2400
12.2600
12.2000
12.2000
12.1900
12.1200
12.0000
11.9800
11.9300
11.9100
11.8900
11.8000
11.7600
11.7600
11.6800
11.6900
11.5900
11.5800
11.5100
11.4800
11.4500
11.4400
11.3400
11.2500
11.2500
11.1800
11.0800
10.9800
11.0200
10.9100
10.9500
10.9200
10.8300
10.7400
10.6400
10.5600
10.3300
10.2500
10.2000
10.1600
10.0500
9.80000
9.66000
9.58000
9.56000
9.39000
9.30000
9.18000
9.11000
9.04000
8.94000
8.87000
8.79000
8.64000
8.56000
8.48000
8.42000
8.38000
8.31000
8.24000
8.09000
7.98000
7.92000
7.86000
7.74000
7.64000
7.51000
7.45000
7.31000
7.33000
7.23000
7.19000
7.13000
7.04000
6.95000
6.88000
6.84000
6.80000
6.73000
6.68000
6.66000
6.64000
6.59000
6.61000
6.56000
6.58000
6.56000
6.52000
6.49000
6.34000
6.31000
6.34000
6.29000
6.23000
6.25000
6.23000
6.20000
6.20000
6.19000
6.17000
6.07000
6.00000
6.00000
6.04000
5.99000
6.03000
6.02000
6.09000
6.12000
6.10000
6.05000
6.03000
6.02000
6.07000
6.03000
6.03000
6.06000
6.11000
6.09000
6.07000
6.13000
6.09000
6.08000
6.11000
6.11000
6.10000
6.06000
6.10000
6.16000
6.17000
6.17000
6.14000
6.24000
6.31000
6.34000
6.38000
6.46000
6.50000
6.57000
6.73000
6.96000
7.29000
7.64000
7.85000
8.01000
8.23000
8.38000
8.45000
8.65000
9.04000
9.09000
9.09000
9.17000
9.29000
9.37000
9.63000
9.78000
9.83000
9.87000
9.94000
10.0500
10.1100
10.1200
9.99000
10.0600
10.0800
10.2300
10.3100
10.2600
10.3200
10.4100
10.4800
10.4400
10.6300
10.7700
10.7400
10.8300
10.8900
10.9200
10.9900
11.0400
11.1400
11.2000
11.3000
11.4500
11.6000
11.8100
11.7800
11.9200
12.0700
12.2100
12.2600
12.3200
12.3400
12.3600
12.3300
12.3400
12.4000
12.5300
12.4500
12.4000
12.5100
12.5300
12.6900
12.9000
12.7800
12.8100
12.8600
12.9700
13.0200
13.0400
13.0900
13.1400
13.1600
13.1800
13.2300
13.3800
13.4400
13.4700
13.5100
13.5500
13.5700
13.4800
13.4700
13.4900
13.5300
13.6400
13.6500
13.6300
13.6300
13.6400
13.6300
13.7600
13.7200
13.7700
13.8700
13.9400
13.9600
14.0500
14.0700
13.9700
14.0700
14.0900
14.1400
14.2600
14.0500
14.1800
14.2900
14.1900
14.2900
14.3500
14.3600
14.4400
14.4400
14.4600
14.5000
14.5600
14.6200
14.7200
14.7300
14.7600
14.7300
14.6900
14.6500
14.7000
14.7700
14.6800
14.7700
14.8400
14.8400
15.0100
15.0600
14.9400
14.9500
14.9200
14.8300
14.7700
14.7700
14.7900
14.7700
14.8500
14.8200
14.8600
14.8100
14.8700
14.9200
14.9000
14.9400
14.8600
14.8800
14.8300
14.8000
14.8200
14.7600
14.7800
14.7100
14.6800
14.6200
14.6200
14.6400
14.6600
14.6700
14.5700
14.5800
14.5200
14.5600
14.5500
14.5900
14.6400
14.6700
14.6200
14.5100
14.3900
14.3100
14.2300
14.1600
14.1000
14.0800
14.0500
14.0500
14.0600
14.0200
13.9900
13.9900
13.9500
13.9400
13.8700
13.8400
13.8500
13.8300
13.7800
13.8100
13.8300
13.8100
13.8100
13.7100
13.7000
13.6600
13.6200
13.5200
13.3900
13.4000
13.3800
13.3700
13.3400
13.3200
13.2900
13.1700
13.2000
13.1400
13.1200
13.0100
12.9600
12.9500
12.9200
12.8800
12.9100
12.9100
12.9300
12.9200
12.9200
12.9000
12.8500
12.8400
12.7800
12.7200
12.6700
12.6700
12.7100
12.6600
12.5600
12.5200
12.4100
12.4100
12.3700
12.3500
12.3400
12.3300
12.2700
12.2400
12.1900
12.1600
12.1600
12.1100
12.1200
12.1000
12.0700
12.0600
12.0000
11.9500
11.9300
11.9300
11.9200
11.8900
11.7800
11.7600
11.7300
11.6600
11.6300
11.5600
11.5100
11.5100
11.1700
11.1400
11.0700
11.0500
10.9600
10.8800
10.7900
10.7800
10.7400
10.6600
10.5500
10.3800
10.2800
10.1700
10.1200
10.0900
10.0800
9.92000
9.90000
9.76000
9.61000
9.54000
9.45000
9.40000
9.30000
9.24000
9.20000
9.11000
9.02000
8.95000
8.88000
8.85000
8.77000
8.72000
8.65000
8.59000
8.63000
8.56000
8.55000
8.47000
8.42000
8.34000
8.31000
8.28000
8.18000
8.14000
8.10000
8.10000
7.96000
7.98000
7.93000
7.87000
7.85000
7.81000
7.76000
7.69000
7.57000
7.56000
7.54000
7.43000
7.43000
7.41000
7.34000
7.30000
7.24000
7.24000
7.20000
7.22000
7.23000
7.16000
7.15000
7.12000
7.18000
7.24000
7.35000
7.38000
7.45000
7.49000
7.48000
7.57000
7.65000
7.74000
7.82000
7.79000
7.84000
7.88000
7.91000
8.04000
8.16000
8.17000
8.14000
8.12000
8.23000
8.29000
8.26000
8.31000
8.43000
8.65000
8.72000
8.85000
8.86000
8.91000
8.92000
8.99000
9.07000
9.07000
9.15000
9.28000
9.27000
9.32000
9.38000
9.41000
9.37000
9.37000
9.52000
9.56000
9.58000
9.58000
9.67000
9.70000
9.62000
9.69000
9.77000
9.77000
9.82000
9.84000
9.85000
9.81000
9.83000
9.96000
9.96000
9.97000
10.0100
9.97000
10.0500
10.1300
10.2800
10.2800
10.1800
10.2600
10.4100
10.4500
10.5300
10.7200
10.6800
10.7500
10.8000
10.8400
11.0400
11.0700
11.1800
11.3000
11.3900
11.5000
11.6600
11.6300
11.8000
12.0000
12.0400
12.1100
12.1800
12.2200
12.2400
12.3600
12.5100
12.6100
12.7800
12.6800
12.7700
12.8700
12.9800
13.0200
13.1000
13.1800
13.1600
13.2700
13.4100
13.4900
13.4500
13.3800
13.3700
13.4900
13.5400
13.5100
13.4000
13.5300
13.5700
13.5900
13.7500
13.8400
13.9200
14.0300
13.9700
13.9500
13.9700
13.9900
14.0700
14.0500
14.0300
14.1000
14.1300
14.2500
14.3100
14.4200
14.3400
14.3900
14.4800
14.4300
14.4800
14.5000
14.4000
14.4000
14.5000
14.5700
14.6100
14.7100
14.7400
14.8400
14.9200
15.0000
15.0800
15.0700
15.1100
15.0600
15.1600
15.1300
15.1200
15.1800
15.2200
15.2600
15.3200
15.3000
15.2500
15.1700
15.1600
15.1900
15.2000
15.1500
15.1600
15.1300
15.1200
15.1800
15.3300
15.2900
15.2800
15.1300
15.0800
15.0500
15.1000
15.1100
15.0900
15.0600
15.0900
15.1500
15.1400
15.2200
15.2200
15.2700
15.2400
15.3000
15.3100
15.3200
15.3900
15.3700
15.2600
15.3300
15.3100
15.3200
15.2300
15.0100
14.9400
14.9900
15.0400
15.0100
14.9400
14.9600
14.8800
14.8400
14.8200
14.8500
14.9200
14.8200
14.6600
14.5500
14.4500
14.3700
14.3800
14.3000
14.2700
14.2000
14.1200
14.0800
14.0600
14.0500
14.0300
13.9700
13.9600
13.9000
13.9600
13.9400
13.9400
13.9200
13.8700
13.8000
13.7700
13.7300
13.6900
13.7300
13.6600
13.6200
13.5200
13.4200
13.3400
13.3700
13.3300
13.2400
13.1900
13.1600
13.0600
13.0800
12.9500
12.8600
12.9100
12.7800
12.6400
12.6400
12.6700
12.6500
12.6300
12.6200
12.5700
12.4900
12.4900
12.4800
12.3900
12.2000
12.1900
12.1900
12.1400
12.1400
12.1400
12.1400
12.1900
12.1200
12.0900
11.9500
11.9200
11.9000
11.8900
11.8000
11.7200
11.6200
11.6000
11.5200
11.4300
11.3800
11.3200
11.2800
11.2700
11.2000
11.0800
10.9900
10.9000
10.8100
10.7300
10.5700
10.4800
10.4500
10.3900
10.2900
10.2200
10.1300
10.0400
9.99000
9.85000
9.64000
9.65000
9.57000
9.42000
9.28000
9.23000
9.23000
9.15000
9.02000
9.01000
8.96000
8.87000
8.67000
8.61000
8.48000
8.46000
8.45000
8.46000
8.31000
8.18000
8.01000
7.91000
7.84000
7.79000
7.68000
7.72000
7.63000
7.51000
7.47000
7.43000
7.31000
7.34000
7.28000
7.23000
7.28000
7.26000
7.21000
7.18000
7.14000
7.18000
7.08000
7.12000
7.16000
7.08000
6.95000
6.85000
6.76000
6.75000
6.71000
6.68000
6.66000
6.67000
6.72000
6.65000
6.60000
6.62000
6.66000
6.65000
6.69000
6.69000
6.66000
6.69000
6.70000
6.63000
6.66000
6.67000
6.67000
6.62000
6.65000
6.63000
6.62000
6.59000
6.63000
6.60000
6.60000
6.66000
6.71000
6.69000
6.72000
6.76000
6.87000
6.85000
7.05000
7.09000
7.20000
7.31000
7.41000
7.33000
7.38000
7.50000
7.71000
7.80000
7.79000
7.94000
8.08000
8.28000
8.22000
8.26000
8.40000
8.47000
8.52000
8.64000
8.76000
8.87000
8.82000
8.99000
9.06000
9.19000
9.27000
9.34000
9.43000
9.50000
9.60000
9.74000
9.78000
9.92000
9.91000
9.98000
10.0700
10.0500
10.1000
10.2300
10.3300
10.3900
10.4100
10.4800
10.6400
10.5300
10.5000
10.5100
10.6700
10.7000
10.7700
10.8600
10.9100
10.9400
11.0900
11.2300
11.4200
11.5600
11.7200
11.8200
11.9200
12.1000
12.2000
12.1700
12.2100
12.3000
12.3700
12.4000
12.5600
12.5800
12.5600
12.6300
12.5500
12.6300
12.7700
12.8400
12.8700
12.9500
13.0000
13.0900
13.1800
13.1900
13.2300
13.2800
13.4200
13.4600
13.5000
13.5400
13.6600
13.6600
13.9000
13.7500
13.7600
13.8300
13.9900
14.0200
13.9900
14.0300
14.0600
14.0700
14.1900
14.1700
14.2000
14.2500
14.3200
14.3900
14.4400
14.4200
14.4800
14.5400
14.5500
14.7000
14.7000
14.6800
14.6800
14.7300
14.8700
14.9300
14.8900
15.0000
15.1200
15.1600
15.1800
15.2000
15.2600
15.3300
15.3100
15.3400
15.3400
15.3100
15.3100
15.2200
15.2300
15.2300
15.2900
15.3800
15.3700
15.3200
15.3200
15.3900
15.4700
15.5300
15.5400
15.6000
15.6200
15.6600
15.6900
15.7400
15.7200
15.5700
15.4900
15.4900
15.4400
15.4400
15.3900
15.4000
15.4200
15.4300
15.4700
15.5200
15.4700
15.4500
15.4100
15.3500
15.3000
15.3100
15.2100
15.2100
15.2700
15.2700
15.3100
15.1500
15.1200
15.0600
15.0700
15.0600
15.1200
15.1200
15.1500
15.2000
15.0700
15.1200
15.1000
15.1600
15.1300
15.1800
15.0900
15.0700
15.0000
15.0100
15.0300
14.9200
14.7500
14.7000
14.7300
14.7000
14.6100
14.5600
14.6000
14.5900
14.4800
14.4400
14.3500
14.3400
14.2800
14.2400
14.2100
14.1500
14.1600
14.1300
14.1300
14.0700
14.0200
14.0200
14.0300
13.9800
13.9300
13.9300
13.9100
13.9600
13.8800
13.8300
13.8300
13.7700
13.7200
13.6700
13.6400
13.4700
13.4200
13.3600
13.2500
13.2600
13.2000
13.1900
13.1700
13.0800
13.0600
12.9800
12.9200
12.8400
12.8000
12.8000
12.7200
12.5600
12.5200
12.4400
12.3700
12.3600
12.2800
12.1800
12.1200
12.1700
12.0600
12.0100
11.9500
11.8600
11.8000
11.7200
11.6800
11.5900
11.5100
11.4800
11.3600
11.2700
11.2000
11.0900
11.0100
10.9300
10.8800
10.7900
10.6500
10.5900
10.5100
10.2800
10.2700
10.2000
10.1600
10.1000
10.0100
9.95000
9.90000
9.84000
9.73000
9.62000
9.59000
9.56000
9.54000
9.44000
9.33000
9.23000
9.19000
9.13000
9.06000
8.95000
8.89000
8.80000
8.73000
8.65000
8.64000
8.64000
8.55000
8.50000
8.42000
8.34000
8.24000
8.13000
8.17000
8.13000
8.07000
7.99000
7.93000
7.87000
7.81000
7.73000
7.67000
7.69000
7.62000
7.51000
7.37000
7.41000
7.40000
7.31000
7.26000
7.24000
7.13000
7.11000
7.13000
7.04000
7.01000
6.98000
6.89000
6.79000
6.74000
6.73000
6.72000
6.69000
6.69000
6.61000
6.62000
6.57000
6.52000
6.51000
6.49000
6.46000
6.47000
6.39000
6.40000
6.47000
6.40000
6.39000
6.35000
6.26000
6.30000
6.37000
6.39000
6.53000
6.57000
6.54000
6.51000
6.57000
6.52000
6.58000
6.67000
6.82000
6.94000
7.21000
7.38000
7.57000
7.64000
7.73000
7.78000
7.84000
7.88000
7.96000
8.02000
8.02000
8.13000
8.13000
8.19000
8.21000
8.36000
8.49000
8.63000
8.61000
8.69000
8.83000
8.87000
9.00000
9.12000
9.13000
9.04000
9.12000
9.16000
9.23000
9.26000
9.30000
9.56000
9.66000
9.73000
9.74000
9.76000
9.73000
9.86000
9.83000
9.88000
9.96000
10.1000
10.2300
10.2600
10.3100
10.4400
10.5300
10.4700
10.5400
10.6400
10.6700
10.7500
10.7200
10.8200
10.9500
10.9900
11.0100
11.2000
11.2200
11.2200
11.2400
11.4400
11.5300
11.5800
11.6300
11.7100
11.8200
12.0900
12.0900
12.0900
12.1300
12.1400
12.2200
12.3100
12.4400
12.4100
12.5500
12.6900
12.9100
12.9300
13.0600
13.0800
13.2100
13.2700
13.3300
13.3600
13.4000
13.3700
13.4700
13.5200
13.6700
13.6200
13.6200
13.6600
13.6900
13.7000
13.6700
13.7800
13.8700
13.9900
14.0400
13.9800
14.0000
14.0600
14.0600
14.0900
14.1800
14.1300
14.1500
14.1600
14.2300
14.1600
14.1100
14.1400
14.2400
14.3200
14.3300
14.2900
14.3100
14.3800
14.4300
14.5100
14.5900
14.6300
14.6400
14.7200
14.6400
14.6600
14.7700
14.8200
14.8300
14.9200
14.9300
14.9600
14.9800
15.0300
15.0500
15.0200
15.0100
15.0200
15.0500
15.0900
15.1400
15.1300
15.1000
15.1100
15.0500
15.0900
15.1200
15.1400
15.0300
14.9200
14.8500
14.8200
14.8500
14.9500
14.8500
14.8600
14.9300
14.9900
14.9900
15.0200
15.0100
15.0200
14.9300
14.9300
15.0100
15.0200
15.0000
15.0800
15.0700
15.1100
15.1100
15.1400
15.1600
15.1800
15.1600
15.1400
15.1500
15.2100
15.2300
15.2200
15.1500
15.0900
15.1200
15.1200
15.1700
15.1000
15.1000
15.0700
15.0400
14.9600
14.9800
15.0000
15.1000
14.9900
14.9900
14.9200
14.8600
14.7800
14.7000
14.5200
14.5000
14.4900
14.4600
14.5200
14.4600
14.4400
14.3700
14.4200
14.3800
14.2900
14.2000
14.1700
14.2200
14.1700
14.1500
14.0500
14.0100
13.9900
13.9800
13.9900
13.9600
13.9000
13.7800
13.7600
13.6800
13.6300
13.5300
13.5100
13.4400
13.4600
13.3700
13.2900
13.2600
13.2000
13.1900
13.1800
13.2100
13.1800
13.1500
13.0900
12.9700
12.7600
12.7300
12.6900
12.6600
12.6500
12.5900
12.4900
12.3800
12.2600
12.2600
12.2700
12.1800
12.1000
11.9900
11.9000
11.7300
11.6500
11.5700
11.4500
11.4000
11.1400
10.9700
10.8600
10.7700
10.7400
10.6600
10.6800
10.5800
10.5200
10.5100
10.2300
10.2100
10.1500
10.0600
9.96000
9.94000
9.88000
9.84000
9.80000
9.76000
9.71000
9.69000
9.57000
9.59000
9.54000
9.53000
9.35000
9.34000
9.28000
9.29000
9.26000
9.09000
9.01000
8.96000
8.87000
8.83000
8.71000
8.54000
8.55000
8.48000
8.42000
8.32000
8.25000
8.23000
8.18000
7.98000
7.96000
7.89000
7.81000
7.78000
7.63000
7.51000
7.43000
7.32000
7.28000
7.22000
7.14000
7.12000
7.05000
6.94000
6.81000
6.69000
6.59000
6.49000
6.38000
6.39000
6.40000
6.42000
6.31000
6.24000
6.15000
6.14000
6.19000
6.05000
6.04000
5.99000
5.87000
5.89000
5.84000
5.84000
5.82000
5.76000
5.73000
5.70000
5.76000
5.88000
5.85000
5.77000
5.76000
5.80000
5.85000
6.01000
6.09000
6.13000
6.34000
6.49000
6.59000
6.70000
6.72000
6.77000
6.78000
6.85000
7.04000
7.09000
7.14000
7.22000
7.44000
7.57000
7.65000
7.75000
7.82000
8.02000
8.16000
8.30000
8.34000
8.48000
8.58000
8.66000
8.75000
8.76000
8.87000
9.02000
9.09000
9.25000
9.29000
9.41000
9.43000
9.44000
9.57000
9.60000
9.65000
9.73000
9.84000
10.0800
10.1800
10.1900
10.1800
10.2100
10.1900
10.1900
10.2800
10.4100
10.3900
10.4300
10.5800
10.8900
10.9500
10.8300
10.8500
10.8700
10.9400
10.9400
11.0900
11.0400
11.0500
11.0900
11.1500
11.1100
11.1700
11.3200
11.3200
11.2700
11.3600
11.5300
11.6400
11.6400
11.6300
11.7300
11.9700
12.0200
12.0500
12.0700
12.1300
12.3700
12.4300
12.2600
12.3000
12.3900
12.5000
12.5600
12.5600
12.6400
12.6300
12.8800
12.8800
12.9700
13.0500
13.1900
13.2600
13.2200
13.1500
13.1400
13.1400
13.2000
13.2000
13.3000
13.3900
13.4400
13.4700
13.5500
13.5400
13.6400
13.5900
13.7300
13.9000
13.8100
13.7400
13.7100
13.7700
13.8600
13.9800
14.0600
14.1100
14.2600
14.2300
14.2200
14.3200
14.3400
14.4300
14.4800
14.5900
14.5700
14.5700
14.6500
14.6400
14.7200
14.6500
14.6500
14.7600
14.8200
14.8200
14.8900
14.8500
14.9300
14.8500
14.8500
14.8100
14.7400
14.7500
14.7500
14.7100
14.7400
14.7700
14.8500
14.8800
14.9300
14.9300
14.9200
15.0000
14.9500
14.9300
15.0300
15.0500
15.0900
15.1300
15.1200
15.1400
15.1100
15.0800
15.0900
15.0300
14.9800
15.0000
15.0000
14.9700
15.0400
15.0300
14.8800
14.8300
14.8300
14.8600
14.8000
14.7700
14.7700
14.7100
14.7300
14.7500
14.8500
14.7600
14.7700
14.7700
14.8300
14.9100
14.8900
14.8500
14.8400
14.8000
14.7700
14.7300
14.7200
14.7300
14.5500
14.5300
14.6000
14.5900
14.4400
14.2800
14.3500
14.2800
14.2400
14.1700
14.0100
13.9900
13.9900
14.0500
14.0800
14.0100
14.1200
14.1200
14.0500
13.9600
13.9800
13.8900
13.8300
13.8700
13.7700
13.7400
13.6700
13.6100
13.6000
13.4800
13.5200
13.4600
13.3400
13.2500
13.1600
13.2000
13.1800
13.1600
13.0100
12.9400
12.9700
12.9300
12.8600
12.7900
12.7500
12.6800
12.6200
12.7100
12.7300
12.6700
12.5900
12.5200
12.4700
12.3800
12.3800
12.2400
12.1900
12.1400
12.0700
12.0200
11.9800
11.9800
11.9200
11.9000
11.8000
11.8500
11.7600
11.7300
11.6700
11.6300
11.6300
11.5800
11.5300
11.5100
11.4200
11.3200
11.3100
11.2700
11.2200
11.1700
11.1000
11.0700
10.9600
10.8700
10.8200
10.6000
10.5800
10.5000
10.4200
10.3500
10.2800
10.2600
10.1800
10.1600
9.99000
9.94000
9.84000
9.68000
9.60000
9.48000
9.37000
9.39000
9.24000
9.18000
9.07000
8.94000
8.87000
8.79000
8.72000
8.74000
8.70000
8.57000
8.39000
8.20000
8.11000
8.07000
7.94000
7.87000
7.82000
7.69000
7.70000
7.63000
7.66000
7.62000
7.61000
7.48000
7.45000
7.39000
7.37000
7.24000
7.14000
7.09000
7.02000
7.02000
6.90000
6.80000
6.81000
6.71000
6.62000
6.66000
6.56000
6.56000
6.49000
6.44000
6.49000
6.30000
6.27000
6.22000
6.14000
6.16000
6.19000
6.27000
6.18000
6.10000
6.00000
5.97000
5.96000
5.93000
5.96000
6.04000
5.98000
6.03000
6.02000
6.17000
6.22000
6.17000
6.25000
6.36000
6.46000
6.45000
6.47000
6.44000
6.42000
6.47000
6.53000
6.58000
6.64000
6.75000
6.96000
7.01000
7.11000
7.24000
7.41000
7.54000
7.72000
7.81000
7.94000
8.04000
8.25000
8.21000
8.34000
8.42000
8.45000
8.51000
8.70000
8.67000
8.72000
8.76000
8.93000
8.95000
9.00000
9.07000
9.16000
9.27000
9.31000
9.28000
9.30000
9.44000
9.61000
9.62000
9.76000
9.79000
9.81000
9.71000
9.72000
9.79000
10.0000
9.92000
9.93000
9.97000
10.0100
10.0900
10.1900
10.2200
10.2400
10.3200
10.3200
10.4100
10.5000
10.5900
10.7500
10.8200
10.8500
10.9200
11.0500
11.0900
11.1000
11.3100
11.5300
11.5500
11.6400
11.6600
11.7100
11.9600
12.0300
12.1800
12.2400
12.3000
12.3600
12.4300
12.4400
12.4300
12.4900
12.5400
12.6700
12.7800
12.7500
12.8100
12.8100
12.7300
12.8600
12.9500
12.9200
12.9200
13.0400
13.0700
13.1200
13.1900
13.3000
13.2700
13.1600
13.1800
13.2400
13.3300
13.4800
13.6100
13.6600
13.8100
13.8500
13.8600
13.8800
13.8200
13.8700
13.8600
13.9900
14.0400
14.0700
14.1800
14.2000
14.2800
14.2900
14.3300
14.3700
14.3300
14.4000
14.3700
14.4100
14.4700
14.4900
14.5800
14.6200
14.6200
14.5200
14.5300
14.4900
14.5800
14.5700
14.6400
14.6600
14.7700
14.8100
14.8200
14.7800
14.8100
14.9300
15.0000
15.0700
15.0100
15.0600
15.0100
15.0000
14.9900
15.0300
15.1400
15.1500
15.1800
15.2500
15.2700
15.2600
15.2700
15.3400
15.3500
15.2700
15.2100
15.1900
15.1900
15.2000
15.2300
15.2200
15.2000
15.2300
15.3400
15.3000
15.3500
15.3200
15.3200
15.2400
15.1500
15.0700
15.0600
15.1300
15.1100
15.1200
15.0800
15.0000
14.9800
14.8800
14.8800
14.8500
14.8400
14.9000
14.8600
14.8100
14.8100
14.8400
14.8000
14.7700
14.8400
14.8400
14.9700
14.8500
14.8400
14.7300
14.6100
14.5800
14.5400
14.5700
14.5500
14.5200
14.4500
14.4500
14.4200
14.3500
14.3300
14.2700
14.2700
14.2200
14.1400
14.0700
14.1300
14.1600
14.0800
14.0300
13.9900
13.9200
13.9100
13.9100
13.8300
13.8500
13.7800
13.7600
13.6500
13.6100
13.5700
13.4300
13.3800
13.3100
13.2400
13.1100
13.0100
12.9500
12.9100
12.8600
12.8400
12.9000
12.8000
12.7600
12.6500
12.5700
12.5600
12.3700
12.3300
12.3000
12.2800
12.2200
12.1800
12.1000
12.0400
12.0000
11.9000
11.8800
11.7800
11.6500
11.4700
11.3900
11.2800
11.3100
11.2300
11.1700
11.1000
10.9400
10.8100
10.7400
10.6900
10.5900
10.5500
10.4000
10.3400
10.2900
10.2300
9.97000
9.94000
9.87000
9.84000
9.68000
9.58000
9.55000
9.48000
9.45000
9.39000
9.36000
9.26000
9.17000
9.10000
9.05000
8.94000
8.95000
8.87000
8.83000
8.69000
8.61000
8.60000
8.57000
8.46000
8.35000
8.34000
8.25000
8.23000
8.12000
8.06000
8.02000
8.01000
7.95000
7.87000
7.87000
7.91000
7.82000
7.77000
7.75000
7.68000
7.63000
7.65000
7.64000
7.51000
7.48000
7.40000
7.38000
7.33000
7.39000
7.29000
7.22000
7.16000
7.12000
7.04000
6.97000
7.01000
6.93000
6.92000
6.97000
6.90000
6.92000
6.83000
6.78000
6.79000
6.79000
6.78000
6.76000
6.73000
6.70000
6.69000
6.71000
6.68000
6.65000
6.61000
6.60000
6.63000
6.62000
6.58000
6.58000
6.55000
6.52000
6.59000
6.61000
6.67000
6.64000
6.72000
6.67000
6.74000
6.76000
6.91000
6.98000
7.04000
7.23000
7.32000
7.43000
7.50000
7.53000
7.64000
7.75000
7.80000
7.88000
7.91000
7.95000
7.96000
8.03000
8.09000
8.16000
8.22000
8.28000
8.43000
8.51000
8.52000
8.53000
8.46000
8.50000
8.57000
8.83000
8.87000
8.93000
9.10000
9.20000
9.25000
9.32000
9.67000
9.73000
9.78000
9.86000
10.0700
10.0100
10.1600
10.1500
10.1800
10.3000
10.3700
10.5000
10.5600
10.6700
10.8000
10.9000
10.9200
10.9700
11.0300
11.0800
11.0400
11.0200
11.0300
11.0300
11.0700
11.1300
11.1200
11.0600
11.0600
11.1700
11.3000
11.3600
11.4400
11.4500
11.4800
11.5800
11.5900
11.6200
11.7500
11.8000
11.9700
12.0700
12.1300
12.1800
12.2600
12.3500
12.4700
12.5100
12.6500
12.6900
12.7600
12.8600
12.9500
13.0200
13.1200
13.1300
13.2100
13.2200
13.2000
13.2300
13.3100
13.2800
13.3500
13.2900
13.3500
13.4000
13.3800
13.6100
13.5800
13.6500
13.6300
13.6600
13.7300
13.8800
13.9800
13.9500
14.0900
14.1100
14.1200
14.1900
14.3200
14.4000
14.4000
14.3200
14.3400
14.3700
14.4700
14.5100
14.5800
14.5600
14.6600
14.7500
14.8700
14.9000
14.9100
14.8900
14.8600
14.8400
14.8900
14.9200
14.9400
14.9200
15.0300
14.9300
15.0100
15.0800
15.0800
15.1100
15.2000
15.2700
15.2700
15.2100
15.2700
15.2500
15.1900
15.1300
15.1200
15.0900
15.0700
15.1200
15.1100
15.1400
15.1600
15.1300
15.1000
15.1000
15.1400
15.2600
15.3100
15.2600
15.3200
15.2400
15.2900
15.3300
15.2800
15.1800
15.1100
15.1100
15.0400
15.0400
15.0300
14.9500
15.0200
14.9800
14.9000
14.8600
14.9200
14.8400
14.7300
14.7100
14.6500
14.6700
14.5200
14.4800
14.4400
14.3900
14.3800
14.3500
14.3100
14.2700
14.2200
14.1100
14.1200
14.1600
14.1500
14.1300
14.1600
14.1200
14.0400
13.9700
14.0200
13.9800
13.9400
13.8700
13.8600
13.8600
13.7500
13.6500
13.5700
13.5900
13.5000
13.3900
13.3800
13.3800
13.3700
13.2600
13.2200
13.2600
13.2100
13.1600
13.1500
13.1000
13.1000
13.0100
12.9800
12.9600
12.9200
12.8700
12.8700
12.7900
12.6600
12.6200
12.5900
12.5800
12.5800
12.4800
12.4200
12.4100
12.3800
12.3300
12.3200
12.2400
12.1500
12.0700
12.0300
11.9900
11.9100
11.9500
11.8900
11.8500
11.8400
11.7700
11.7400
11.7000
11.6500
11.6100
11.5600
11.5200
11.4600
11.4300
11.3700
11.3200
11.3000
11.2900
11.2600
11.2000
11.1100
10.9900
11.0000
10.8800
10.7900
10.7000
10.4700
10.4600
10.4600
10.4100
10.3400
10.2200
10.1100
9.99000
9.97000
9.90000
9.64000
9.56000
9.52000
9.43000
9.31000
9.23000
9.12000
9.00000
8.90000
8.80000
8.72000
8.60000
8.38000
8.35000
8.37000
8.17000
8.01000
7.93000
7.92000
7.84000
7.70000
7.52000
7.43000
7.37000
7.40000
7.26000
7.19000
7.08000
7.00000
6.81000
6.75000
6.70000
6.64000
6.58000
6.54000
6.57000
6.49000
6.38000
6.33000
6.26000
6.22000
6.18000
6.15000
6.15000
6.08000
6.10000
6.02000
5.94000
5.95000
5.90000
5.92000
5.81000
5.83000
5.81000
5.75000
5.71000
5.63000
5.66000
5.68000
5.66000
5.66000
5.61000
5.60000
5.63000
5.60000
5.63000
5.65000
5.63000
5.59000
5.60000
5.68000
5.76000
5.84000
5.92000
5.96000
6.00000
6.00000
6.05000
6.12000
6.22000
6.29000
6.36000
6.52000
6.63000
6.85000
7.04000
7.20000
7.25000
7.42000
7.53000
7.62000
7.69000
7.81000
7.92000
7.97000
8.05000
8.11000
8.14000
8.20000
8.34000
8.40000
8.52000
8.58000
8.71000
8.84000
8.84000
8.90000
8.99000
9.01000
9.06000
9.12000
9.13000
9.09000
9.25000
9.39000
9.51000
9.53000
9.51000
9.56000
9.55000
9.60000
9.69000
9.82000
9.85000
9.93000
10.0500
10.0800
10.1500
10.3000
10.5300
10.6100
10.5300
10.5100
10.6100
10.7400
10.8600
11.0100
11.0000
11.1500
11.3100
11.4300
11.4000
11.4800
11.6100
11.6200
11.7300
11.7500
11.8100
11.8100
11.7900
11.8100
11.9400
12.0200
12.0600
12.1600
12.2100
12.3200
12.4400
12.5000
12.5600
12.7700
12.7600
12.6600
12.7000
12.7100
12.7800
12.8800
12.8900
13.0100
13.1600
13.1000
13.1300
13.2300
13.2600
