13034723.95
13034723.95
13170663.24
13409715.53
13416779.12
13465566.44
13510769.37
13536736.84
13536887.64
13505426.35
13493030.93
13493030.93
13513349.80
13446924.78
13308863.85
13308863.85
13308863.85
13414238.85
13437394.90
13430368.56
13533704.79
13575997.45
13643554.58
13473190.23
13473190.23
13471592.91
13601277.31
13764859.50
13766950.31
13799695.17
13905098.26
13906557.62
13978947.47
14001933.55
14209969.82
14209969.82
14217715.78
14223734.97
14293137.81
14316360.87
14318694.47
14318694.47
14318694.47
14318694.47
14419406.63
14390608.19
14385274.98
14343494.84
14284763.92
14251848.81
14208997.11
14267903.84
14269497.40
14364861.21
14393577.95
14318116.65
14186303.18
14148071.86
14148071.86
14148071.86
14337126.90
14492767.96
14450996.68
14470394.89
14451366.55
14430295.45
14501336.61
14657762.14
14663037.37
14658085.45
14619463.30
14558798.23
14552593.44
14464224.71
14420678.51
14390903.07
14396487.57
14400460.74
14362340.06
14340618.25
14375551.74
14170962.90
14093756.68
14101094.41
14096421.19
13905727.16
13879569.42
13897099.65
13887329.30
13913402.38
13821470.47
13773963.11
13871914.60
13919667.22
13927356.78
13886668.46
13890838.61
13893350.83
13893350.83
13899916.38
13904429.76
13750470.85
13540317.62
13582590.94
13589226.38
13634473.65
13652724.36
13600265.38
13570689.29
13569634.95
13515043.63
13490483.24
13480808.64
13480808.64
13453298.18
13358967.77
13322129.51
13315000.18
13275931.83
13093261.68
13037926.73
12886411.52
12707060.12
12659205.35
12644810.92
12585110.26
12489983.77
12440578.87
12467737.30
12364767.46
12372705.84
12401667.82
12281470.68
12268171.77
12243998.02
12157814.19
12157814.19
12050782.06
12030429.86
12058322.80
11970767.65
11854728.87
11862106.46
11680261.01
11672621.57
11674801.26
11637016.26
11630047.63
11581421.43
11452060.28
11425615.79
11391134.02
11405611.05
11377056.28
11391380.14
11251567.67
11142423.63
11086860.85
11185332.47
11217799.28
11189980.11
11167739.43
11156611.03
11110286.63
11076412.25
11007552.35
10982661.12
10892916.06
10769677.60
10731595.27
10700605.70
10709754.48
10712809.66
10692374.53
10383411.74
10292564.23
10302614.61
10286835.25
10156365.51
10137813.10
 9993762.36
 9652642.84
 9591759.20
 9495440.83
 9374397.25
 9331983.72
 9199009.88
 9095139.97
 8933536.13
 8921039.50
 8658246.94
 8689526.12
 8614545.83
 8623118.46
 8525764.87
 8425421.74
 8421938.62
 8390619.43
 8370345.07
 8271589.95
 8218819.09
 8184969.29
 8185435.82
 8122086.81
 8077954.30
 8053451.90
 7972024.15
 7934558.58
 7839372.48
 7824149.94
 7732473.28
 7529146.99
 7277332.35
 7265294.25
 7150697.94
 7128033.19
 7022326.93
 7022326.93
 6967796.19
 6936081.90
 6914858.83
 6806327.15
 6799242.68
 6810403.57
 6808876.16
 6819627.20
 6784650.61
 6774130.08
 6758559.84
 6751692.76
 6609319.41
 6582880.18
 6479190.95
 6408450.46
 6204695.21
 6100495.72
 6041561.20
 6045046.89
 6059857.10
 6025615.17
 6047924.82
 6047312.98
 5978056.39
 5966309.22
 5883756.13
 5852403.54
 5859627.64
 5849786.76
 5905479.97
 5872325.63
 5843516.56
 5922984.47
 5946864.00
 5938290.26
 5926351.55
 5873703.73
 5845788.78
 5772384.41
 5726093.93
 5721093.18
 5719209.10
 5847815.60
 5848261.03
 5848261.03
 5794561.60
 5699948.34
 5640540.95
 5760463.94
 5733235.20
 5849376.08
 5834564.58
 5820352.67
 5822519.19
 5847716.99
 5825865.30
 5830863.93
 5806022.46
 5841135.97
 6105093.62
 6105093.62
 6105093.62
 6138432.29
 6138612.52
 6258238.55
 6276781.55
 6707406.24
 6704947.67
 7121362.18
 7377121.79
 7494583.20
 7578038.51
 7604966.50
 7604966.50
 7983646.56
 8017966.08
 8077265.22
 8077265.22
 8401398.33
 8528589.79
 8622120.22
 8635649.32
 8677776.92
 8757552.28
 8781134.75
 8876644.72
 8901900.44
 8901900.44
 9214478.91
 9261361.39
 9210294.92
 9241452.29
 9321420.60
 9313719.95
 9420158.96
 9487817.13
 9487817.13
 9492816.06
 9481930.60
 9637322.15
 9710296.93
 9849793.71
 9849793.71
 9862791.93
 9849214.25
 9805904.48
 9805904.48
 9919379.86
 9937935.62
 9922820.17
 9930446.40
10082505.53
10082505.53
10052084.21
10050585.32
10325217.61
10366376.47
10472337.57
10623413.88
10705296.90
11162205.16
11197491.40
11204571.67
11343541.28
11505723.53
11642336.41
11792218.26
11815204.23
11875387.52
11881264.74
11916404.73
11943622.15
12031055.54
12121521.80
12121521.80
12148183.47
12201665.40
12202254.15
12717421.20
12802571.32
12885124.69
12885124.69
12852716.67
12909968.79
12917144.74
12991511.65
12980750.67
13202392.27
13203715.35
13213392.23
13283669.23
13324064.10
13388518.70
13371846.22
13334597.96
13377886.28
13343065.78
13364282.31
13474079.14
13516466.44
13535689.49
13717748.39
13836751.71
13900724.85
13902399.13
14067472.73
14174720.45
14199166.31
14290045.24
14384147.63
14501669.27
14575537.77
14545768.45
14636285.21
14470812.04
14518802.40
14410530.41
14484167.12
14516092.81
14551811.40
14568146.44
14470033.62
14571838.75
14537812.65
14611958.88
14671627.52
14632508.41
14604310.83
14564662.80
14628709.52
14680641.98
14599693.90
14634293.59
14771328.67
14701579.24
14815304.31
14793032.18
14810687.41
14823859.36
14823859.36
14818901.25
14772905.15
14663251.84
14705466.59
14821483.16
14730249.15
14705011.69
14665490.76
14668624.90
14665134.56
14676202.64
14698188.62
14761003.71
14888564.78
14896404.25
14880256.37
14882088.45
14907125.15
14768415.84
14785497.57
14763908.94
14671571.10
14627827.05
14607628.95
14547396.93
14552411.13
14440566.99
14412818.77
14346714.91
14350715.97
14343918.79
14286564.87
14350031.45
14381477.90
14222915.93
14158467.48
14116828.52
14077973.56
14110320.10
14105353.30
14063600.17
13970062.01
14036841.23
14004782.21
14014348.45
13979255.40
13847762.95
13861140.63
13862996.35
13588722.10
13578065.20
13541145.05
13548092.05
13542118.57
13627327.25
13653183.06
13562814.61
13589576.97
13443343.30
13213058.50
13140346.05
13153285.15
13166887.54
13190300.49
13108068.21
13126955.26
13108614.84
13103833.67
13084887.26
13057841.28
12949920.91
12954670.99
12792741.79
12813860.99
12792875.28
12659149.55
12531825.33
12512816.98
12465424.87
12431927.77
12353016.05
12273314.64
12228250.87
12214798.63
12195153.44
12114406.60
12052235.52
12051445.56
12035185.21
12029128.85
11968940.95
11912658.88
11886248.94
11862177.03
11819613.57
11846658.93
11846713.98
11835081.17
11784727.79
11540944.94
11502136.64
11405688.03
11404656.71
11316498.45
11271237.11
11173528.02
11171281.17
11089271.35
11010921.60
10959202.44
10917349.38
10770621.08
10771154.93
10645474.89
10562883.58
10452459.32
10396908.24
10269405.34
10222885.99
10302603.35
10276213.84
10252569.16
10195305.66
10034293.09
 9743747.63
 9672969.36
 9379951.31
 9269301.11
 9271010.33
 9250519.24
 9248194.44
 9246217.06
 8841115.91
 8818775.64
 8732145.79
 8638843.83
 8534659.38
 8456692.01
 8358306.10
 8355280.14
 8354527.21
 7963047.01
 7800167.80
 7742213.99
 7618028.81
 7591799.69
 7497931.72
 7485121.83
 7085699.84
 7058607.03
 7011117.95
 6854321.99
 6721125.57
 6458303.38
 6491073.74
 6344859.92
 6344859.92
 6393203.55
 6201315.36
 6206720.11
 6219162.89
 5977645.88
 5734905.30
 5616569.09
 5658628.48
 5691926.78
 5690646.21
 5719689.98
 5700158.10
 5727936.77
 5673110.13
 5640240.11
 5673531.49
 5585838.26
 5520453.80
 5500156.33
 5471733.39
 5388003.83
 5309869.62
 5217246.74
 5231374.87
 5223538.92
 5181297.80
 5006189.96
 4916182.47
 4869024.58
 4827898.67
 4525135.85
 4823941.78
 4803588.54
 4757059.64
 4751075.84
 4748840.66
 4634469.95
 4467770.99
 4396579.95
 4397277.94
 4349612.04
 4277469.55
 4252941.33
 4241625.58
 4243731.53
 4150313.60
 4045775.90
 3986945.93
 4024209.91
 4128629.30
 4129308.17
 4129308.17
 4185741.26
 4076997.66
 4025905.53
 4059090.74
 4023569.49
 4136297.78
 4076884.53
 4086882.82
 4196873.42
 4198161.74
 4545631.43
 4543388.00
 4560836.14
 4565410.46
 4661329.59
 4653543.85
 4794178.18
 4882569.01
 5134886.17
 5173627.89
 5264035.73
 5409341.01
 5431349.56
 5685365.23
 5685747.50
 5769764.79
 5843361.46
 5843361.46
 6223040.82
 6284692.53
 6874259.65
 7006130.17
 7113030.03
 7113030.03
 7260125.09
 7217625.44
 7296080.94
 8088367.66
 8175072.15
 8219831.48
 8504658.35
 8652856.08
 8708000.28
 8708000.28
 8962217.68
 9115329.08
 9185571.85
 9185571.85
 9212307.15
 9349469.68
 9614002.93
 9680799.12
 9686389.91
 9737614.15
 9824193.23
 9825296.38
 9892565.18
10047234.83
10069798.69
10088437.58
10184426.20
10323881.02
10323881.02
10339456.55
10397541.15
10519626.57
10821036.99
10547407.72
11009948.45
10951119.38
10853632.38
10853632.38
10853632.38
10853632.38
11369431.39
10895496.19
10963264.23
11058487.33
11296441.67
11257223.90
11322399.24
11428287.51
11501915.24
12000124.00
12020028.33
12107783.00
12165422.80
12307798.33
12478511.91
12521037.27
12623283.25
12660585.53
12666713.78
12777965.13
12858955.13
12930920.54
12948973.79
12950488.99
13049737.00
13223374.50
13188502.05
13282062.29
13320374.88
13357212.15
13381195.79
13392404.11
13483002.17
13513343.81
13561231.18
13615165.99
13687707.92
13720129.69
13900463.35
13889117.64
13920462.06
14002631.03
14057859.80
14128766.75
14039895.57
14275164.13
14381268.17
14497874.65
14541443.39
14625275.59
14679463.24
14740856.57
14786785.82
14793288.64
14788948.75
14719045.07
14892533.65
14947511.24
14945647.02
14992878.65
15053756.13
15027169.03
15021043.39
15057948.37
15067087.87
15025127.05
15141194.06
15141194.06
15141194.06
15095989.46
15168776.25
15203581.51
15254544.50
15053601.67
15090270.66
15025308.50
15269738.53
15025308.50
15400606.25
15394594.64
15415467.35
15369992.22
15381216.95
15558100.37
15522783.39
15454098.86
15455377.59
15452323.35
15452323.35
15452323.35
15452323.35
15469438.13
15492062.01
15612837.65
15651176.27
15661926.25
15489768.48
15482300.64
15399694.58
15304976.33
15320727.92
15338838.38
15350118.09
15298498.41
15292801.03
15287634.38
15347594.49
15353992.04
15349813.50
15333351.47
15368451.68
15291446.81
15207574.82
15227495.69
15199901.16
15243336.36
15223755.72
15112227.56
15039181.88
15052601.66
15039975.73
15033741.93
14988930.96
14970941.90
14937990.30
14980210.73
14972906.37
14764602.47
14671398.02
14586605.79
14560729.33
14540358.69
14489386.70
14427674.56
14367198.89
14276486.84
14218679.43
14060511.17
14012259.60
13939682.08
13893174.40
13795927.49
13797414.56
13767871.86
13711483.12
13607912.72
13573824.91
13595196.42
13563885.53
13516352.80
13397851.39
13332999.57
13233054.90
13172037.01
13107499.93
13114305.01
13059296.87
12995847.16
12941665.75
12914955.09
12920289.22
12868467.23
12807785.84
12792592.91
12699196.09
12598283.43
12482923.40
12488260.94
12463504.89
12372531.81
12333741.35
12272971.69
12152557.19
12059160.20
12054192.98
11983286.00
11959475.65
11962747.83
11951847.57
11891443.22
11799554.55
11799373.75
11734213.67
11618042.98
11482922.91
11348601.13
11338079.75
11293853.98
11278043.41
11285337.05
11186826.08
11164603.27
11054393.89
10895801.66
10891050.89
10813487.10
10805874.33
10764973.01
10738585.60
10719196.47
10615937.35
10402838.42
10405059.73
10336832.21
10245770.95
10109403.46
 9991872.68
 9972878.38
 9938410.89
 9825106.71
 9806909.14
 9717115.79
 9585316.03
 9477504.58
 9401683.96
 9434650.48
 9360959.74
 9347573.60
 9239983.22
 9173805.69
 9007576.55
 8981419.75
 8918486.26
 8843209.62
 8754066.58
 8710332.38
 8629454.41
 8555820.59
 8370757.25
 8248718.87
 8128168.51
 7950184.69
 7886379.15
 7688166.21
 7607978.02
 7573307.06
 7488773.76
 7492645.04
 7445313.90
 7269099.99
 7295863.05
 7220564.24
 7134190.11
 7062457.20
 6957847.31
 6937044.90
 6911904.57
 6670124.78
 6620382.08
 6562216.74
 6587116.16
 6347021.57
 6307474.27
 6252762.12
 6044479.71
 5944781.73
 5802940.78
 5792197.93
 5745923.32
 5536127.94
 5438002.96
 5402259.66
 5385606.47
 5306143.52
 5108069.16
 4966910.56
 4940767.93
 4939124.30
 4744731.98
 4562905.42
 4328474.65
 4608851.34
 4603309.01
 4436194.06
 4341943.12
 4357965.23
 4464844.63
 4518674.56
 4389966.22
 4331569.55
 4339292.86
 4357900.97
 4337223.65
 4299079.01
 4321251.17
 4360452.58
 4352920.51
 4242875.08
 4223400.12
 4284092.92
 4296260.65
 4297076.97
 4345594.34
 4402167.29
 4562166.77
 4562166.77
 4582874.75
 4602653.66
 4735969.54
 4744699.11
 4806603.86
 4805849.80
 4799515.20
 5382634.35
 5374520.28
 5373346.62
 5393601.72
 6172973.77
 6215947.53
 6352885.07
 6560719.58
 6659006.65
 6659006.65
 7085566.45
 7407939.20
 7496569.20
 7762192.56
 7845932.69
 7945912.09
 8116918.80
 8370355.32
 8480864.07
 8577187.24
 8663703.30
 8814695.33
 8932859.03
 9104019.69
 9203081.27
 9352302.41
 9460381.81
 9406461.54
 9363217.08
 9451818.16
 9451818.16
 9632594.97
 9632594.97
 9632594.97
10036830.72
10116530.10
10135561.05
10238294.35
10200602.04
10256726.24
10246540.11
10239135.76
10341214.07
10406767.93
10605461.62
10625417.67
10701386.86
10700909.70
10700909.70
10813122.53
10967655.51
11052107.08
11139887.67
11173622.15
11277426.03
11327099.62
11407367.20
11427838.34
11493790.55
11646598.98
11710992.05
11736266.27
11893802.97
12005213.33
12177697.48
12243900.13
12429230.53
12451493.93
12369538.99
12374000.77
12376452.66
12342210.46
12411014.20
12413869.74
12480600.45
12475642.28
12591270.68
12650899.38
12790298.60
12861250.88
12894319.88
12916465.66
12817370.20
12891587.34
12979157.64
13040061.74
13148324.95
13186099.29
13236362.89
13297622.15
13361162.33
13341261.34
13542017.58
13603516.55
13634338.27
13721115.70
13707821.31
13868099.20
13947320.27
14172435.20
14290380.02
14343934.95
14215675.61
14170863.37
14264604.05
14312685.34
14312611.74
14308651.25
14323349.40
14389571.03
14398447.95
14483003.16
14397361.08
14392222.18
14428919.29
14334618.82
14558698.25
14581026.48
14616122.06
14631860.54
14616845.30
14707809.56
14798857.13
14877735.68
14925721.56
14982978.97
15081773.48
15077891.08
14928672.49
14882042.79
14887748.98
14955934.61
14972461.94
15011357.03
15030638.29
15057545.61
14916775.79
14968476.47
14907715.98
14664187.33
14724171.30
14920506.76
14986651.26
15049939.83
15205652.17
15276634.76
15326130.68
15227553.38
15182221.15
15232697.63
15189465.34
15132919.33
14977429.11
14940531.28
14871785.56
14831946.47
14819396.45
14940526.20
14907873.81
14958741.97
15024662.70
15028584.16
15081428.53
15066491.17
15009125.49
15001188.96
14999399.48
14988768.05
15006645.53
15036899.99
15046066.80
15034633.50
14943962.34
14871980.93
14601240.13
14539687.77
14582923.44
14494465.72
14482430.46
14398425.20
14316529.70
14278329.29
14313800.65
14283259.62
14217191.30
14175219.08
14197061.95
14193536.95
14016474.60
13939564.89
13914547.32
13979515.10
13888149.91
13818215.21
13900824.37
13900064.97
13827766.55
13752627.56
13682105.66
13570084.33
13499440.18
13398114.17
13214263.62
13209569.76
13161793.12
13128379.74
13115648.26
13080107.60
13025767.79
12794719.01
12795325.91
12829810.36
12814281.25
12749072.85
12553304.45
12528292.44
12419992.21
12203115.33
12198490.94
12145093.10
12088380.39
11921568.85
11928378.59
11898784.01
11762381.61
11679847.19
11599997.04
11545585.79
11454152.44
11390493.12
11486806.87
11430314.61
11386659.69
11355878.88
11271805.01
11215387.63
11151495.60
11139398.55
11011849.49
10914817.26
10803648.84
10683972.27
10548087.02
10449039.39
10478855.11
10439044.35
10313283.86
10291751.04
10263077.16
10213732.92
10145205.12
10083182.81
 9984255.75
 9827048.78
 9716013.01
 9460848.39
 9412760.45
 9266861.04
 9226344.22
 9158963.40
 9094791.59
 9012642.23
 8969388.06
 8873869.28
 8783874.86
 8734314.74
 8614860.32
 8271273.11
 8146381.23
 8115465.98
 8030362.10
 7841172.39
 7792832.32
 7686886.88
 7627504.80
 7606625.38
 7440816.22
 7253486.41
 7175244.43
 7068473.91
 6920948.74
 6904652.67
 6792141.14
 6766370.56
 6748716.10
 6665315.53
 6691201.97
 6671622.54
 6649893.15
 6611168.49
 6587069.84
 6381154.36
 6381873.28
 6314750.22
 6252291.30
 6248679.09
 6247918.53
 6176506.15
 6075966.22
 6059481.86
 5991520.31
 5930315.72
 5821241.16
 5733468.59
 5699100.80
 5631306.90
 5587387.86
 5589409.32
 5512034.79
 5505201.15
 5232777.05
 5246162.98
 5262122.36
 5225510.91
 5152412.45
 5083539.40
 5030275.29
 5053934.81
 5070590.25
 4967004.46
 4871392.35
 4890237.21
 4932217.40
 4925975.64
 4878529.80
 5026831.47
 4942343.35
 4966583.11
 5044307.76
 5101447.44
 5097435.20
 5119253.76
 5147480.62
 5109584.53
 5127278.44
 5109412.83
 5159065.73
 5395152.48
 5462941.92
 5486142.19
 5521554.19
 5562145.95
 5542217.37
 5533564.13
 5725865.03
 5717106.12
 5780743.30
 5792566.98
 5983415.00
 6184955.00
 6543286.57
 6613234.39
 6726560.52
 6794187.64
 6917080.62
 6959579.72
 7061459.34
 7331922.70
 7449817.56
 7489480.76
 7690023.31
 7792855.72
 7859657.89
 7826305.26
 7957772.60
 8142930.68
 8342435.16
 8442674.28
 8500958.83
 9041268.61
 9092164.88
 9136216.42
 9175595.14
 9195396.41
 9408109.76
 9350674.51
 9303518.21
 9469534.25
 9635574.15
 9593062.32
 9684599.83
 9686359.68
 9687969.97
 9795001.72
10093747.16
10221267.64
10320218.45
10390344.56
10352875.93
10443768.00
10572664.86
10701148.73
10893726.59
10940649.45
10987376.16
11159494.29
11143921.36
11132643.93
11326105.53
11421095.85
11445923.92
11513421.36
11608436.31
11588691.68
11616575.15
11589036.94
11711129.17
11691955.08
11707863.12
11902719.98
12010917.33
12119071.18
12264983.81
12451264.38
12534346.75
12597560.25
12608412.66
12585670.07
12793865.90
12905793.18
12888853.45
12903074.82
12869197.96
12942365.71
13003476.28
13150854.03
13171088.26
13200602.50
13150849.70
13279894.76
13365951.59
13301174.77
13414507.79
13448054.29
13618377.60
13662457.55
13630299.63
13779043.77
13890768.61
13933747.13
13920413.56
13946011.68
13942617.65
13930234.56
13985629.82
14014675.25
14137860.94
14037032.96
13972865.83
14109853.22
14188616.50
14113859.69
14144252.49
14235432.84
14202680.46
14201963.30
14210907.99
14429313.24
14502558.07
14542786.02
14547552.44
14543136.92
14567085.96
14439970.39
14516599.12
14526883.30
14647449.05
14542260.72
14540189.20
14778008.34
14858858.19
14799750.30
14799591.78
14942516.65
15112418.77
15122385.27
14968416.96
14871088.43
15075465.35
15148561.96
15066823.52
15052155.66
14918406.24
14997633.55
15021579.12
15002229.02
15015073.30
15140640.29
15210497.29
15247793.55
15239091.87
15264648.36
15249698.83
15168500.87
15184954.72
15300392.96
15225464.42
15326232.11
15312917.66
15318093.50
15302422.54
15331134.79
15396877.99
15345503.84
15153882.71
15085529.15
15074479.21
15078331.28
15113824.97
15079795.47
15041005.68
15185455.80
15226109.12
15187946.08
15137903.59
15157156.25
15281220.71
15305660.90
15289768.59
15231091.35
15155723.39
15078641.97
15112834.82
15049089.44
15033562.28
14921101.97
14770519.18
14618631.44
14473922.11
14431972.88
14634228.86
14683190.98
14672841.86
14679082.36
14675521.25
14507574.05
14435418.61
14358987.05
14398943.28
14294653.84
14196810.00
14249159.41
14123569.61
14015369.77
14049444.43
13866383.84
13879947.26
13848584.22
13680237.91
13532167.51
13424896.40
13279898.10
13250699.99
13249400.46
13236504.41
13222683.07
13157431.70
12966468.12
12826212.83
12753109.87
12721179.05
12704581.37
12617378.04
12612603.15
12406125.01
12365871.22
12241782.07
12170911.12
12116133.96
12077519.39
12024001.85
11846520.50
11747951.68
11644338.08
11706346.38
11710349.02
11591888.62
11517109.08
11383502.09
11370678.00
11341657.16
11281462.45
11250840.66
11191442.56
11138009.73
10922258.36
10998762.00
10921629.17
10802389.73
10766075.44
10660384.61
10534076.98
10324144.79
10442434.87
10316089.09
10216450.73
10187673.49
10116796.42
 9976826.56
 9847400.12
 9813445.94
 9825265.75
 9698793.45
 9583652.98
 9469409.98
 9335550.75
 9155833.71
 9023373.47
 8938622.07
 8867860.71
 8794896.59
 8746565.84
 8655266.12
 8663202.80
 8635987.95
 8531336.75
 8456172.34
 8408982.81
 8348579.30
 8327153.18
 8218111.52
 8251825.38
 8167863.42
 8083893.03
 7956455.25
 7856624.49
 7709147.45
 7729114.46
 7661275.77
 7567146.65
 7456926.32
 7363104.80
 7261469.32
 7115713.00
 7034322.55
 7006718.53
 7004379.16
 6829709.98
 6800520.42
 6747082.86
 6600268.59
 6516709.56
 6402195.83
 6426340.17
 6427624.15
 6326294.13
 6180847.91
 6074682.31
 6043222.41
 5980208.16
 5940485.68
 5905257.29
 5839599.99
 5801122.55
 5659879.47
 5687798.04
 5701892.25
 5651485.51
 5560092.06
 5519624.34
 5492771.76
 5434302.12
 5487392.73
 5452170.92
 5385094.61
 5363242.03
 5408749.09
 5416354.37
 5334962.88
 5337346.74
 5335869.08
 5265455.21
 5161481.02
 5100098.95
 5041274.84
 4988520.12
 4981639.20
 5024041.39
 5039645.03
 5100536.45
 5066930.91
 4996302.27
 4958283.87
 4923029.83
 4909306.78
 4841422.87
 4821244.15
 4721849.28
 4734525.23
 4719094.97
 4716943.60
 4743581.76
 4728124.13
 4837296.57
 4948504.77
 5040628.30
 5199916.15
 5280551.89
 5277664.15
 5452785.26
 5545787.13
 5671014.39
 5681390.78
 5705775.46
 5762505.95
 5806609.90
 6003343.72
 6097384.75
 6377051.74
 6442208.46
 6663079.49
 6732130.10
 6788210.10
 6973851.73
 7048922.28
 7239132.23
 7375937.88
 7482612.59
 7590720.90
 7638443.09
 7720062.32
 7736154.14
 7771253.81
 7843991.14
 8033690.94
 8074680.10
 8139777.64
 8210177.00
 8326904.79
 8506714.87
 8732462.34
 8903395.80
 8974110.59
 9052792.51
 9114558.67
 9167214.66
 9298306.93
 9363916.34
 9401218.50
 9422816.81
 9589280.49
 9674421.68
 9700499.22
 9730434.50
 9865683.83
 9891859.86
 9933319.66
 9961827.20
10047065.91
10060656.77
10157674.13
10176094.29
10179208.84
10351215.08
10399335.17
10499749.56
10578581.34
10695716.13
10769997.16
10740896.47
10843384.42
10887647.76
11037228.60
11199847.96
11294594.42
11393514.05
11430375.42
11511444.66
11660716.55
11782312.81
11879412.07
11914379.03
11996703.27
12053173.54
12206478.43
12218181.99
12232135.18
12191271.34
12191774.62
12185103.89
12257117.73
12338348.90
12460338.15
12518538.73
12533460.11
12513486.87
12582914.94
12656605.26
12700558.83
12873153.74
12897837.93
13028489.28
13036954.85
13168642.61
13134988.57
13251274.14
13275362.50
13275796.08
13312321.00
13220723.24
13212790.83
13264480.96
13325965.31
13437414.59
13597489.37
13701203.95
13675888.51
13597396.96
13519656.45
13518603.60
13548776.25
13760188.91
13801733.63
13830172.57
13970696.86
14033992.60
14055108.56
14232480.41
14429127.86
14412772.94
14470040.37
14376675.64
14366101.12
14360698.31
14497060.71
14556924.32
14465181.93
14509238.62
14525654.34
14655813.39
14561479.38
14357430.69
14604430.84
14810078.40
14719658.38
14700529.26
14754248.85
14823655.67
14843592.59
14792957.07
14686339.13
14694521.67
14767223.98
14669532.70
14601161.73
14582079.17
14616114.97
14596200.83
14587190.66
14786961.96
14868898.11
14792430.57
14844532.69
15031170.78
15110021.96
15079435.76
14937518.73
14912877.25
15018781.35
15081804.89
14788912.97
14808174.71
14816812.46
14814494.74
14950734.80
14799772.91
14739140.92
14535653.27
14463906.99
14552426.65
14649228.14
14801408.80
14706316.22
14830941.21
14989484.92
15002206.76
14754807.18
14664859.46
14626760.00
14859743.50
14913484.21
14907644.98
14543365.90
14680461.99
14519504.24
14272063.27
14463536.51
14534094.10
14626445.23
14594491.62
14255286.37
14259942.98
14284567.76
14123551.28
14039609.80
14196798.67
14241229.25
14283505.61
13909567.91
13814770.50
13780915.45
13724729.77
13767500.83
13607281.40
13569953.16
13656389.92
13699702.21
13522543.26
13509299.40
13359497.30
13306002.18
13297814.96
13196597.67
13227091.95
13134441.15
13031274.60
13154752.10
13356796.75
12985588.89
12921919.27
12871792.51
12884786.20
12885609.10
12684883.59
12625002.42
12430758.97
12564369.66
12462159.10
12317352.13
12253701.49
12261275.92
12105241.44
12048799.79
12028936.33
12016920.84
11886294.78
11885992.36
11922476.28
11903351.76
11671261.09
11586873.54
11505189.76
11539674.51
11590939.99
11505652.90
11352977.42
11079709.23
11182113.86
11221341.72
11002890.51
10988558.74
10756029.95
10649607.33
10524432.90
10592351.84
10521330.78
10551430.53
10523999.50
10613621.59
10604402.31
10209070.95
10238516.81
10282612.01
10017704.97
 9752528.49
 9710964.35
 9712849.67
 9461605.23
 9340424.24
 9304871.19
 9346219.67
 9383257.01
 9417726.20
 9095320.08
 8833081.99
 8824781.74
 8752287.44
 8525217.51
 8415956.72
 8468794.65
 8490688.89
 8128143.75
 7865181.96
 7795394.60
 7928193.37
 7977317.84
 7834045.11
 7692946.01
 7391811.59
 7443813.56
 7444630.03
 7348294.53
 7363642.19
 7076220.38
 6952141.90
 6959039.69
 6895118.35
 6874977.17
 6765707.65
 6575197.59
 6653769.61
 6666271.11
 6621282.25
 6591775.86
 6572789.72
 6448342.61
 6349808.45
 6294284.23
 6230654.16
 6150544.93
 5910330.77
 5765185.02
 5812134.26
 5819746.30
 5840525.95
 5731351.10
 5698374.65
 5673334.14
 5616574.87
 5532621.69
 5459973.75
 5409825.75
 5371809.20
 5268199.30
 5216622.92
 5142344.07
 5086116.56
 4931552.16
 4889458.95
 4872569.48
 4737839.00
 4796030.69
 4814883.03
 4773314.00
 4771808.11
 4721211.90
 4574806.62
 4471219.54
 4498285.52
 4490119.41
 4379015.80
 4340200.37
 4384417.83
 4398319.58
 4302977.96
 4376414.02
 4438944.27
 4448432.66
 4517832.94
 4489877.96
 4466166.68
 4419957.86
 4384406.95
 4366778.63
 4451923.91
 4486031.33
 4478143.88
 4473357.22
 4543725.00
 4614874.61
 4645470.16
 4660408.93
 4712659.34
 5073447.43
 5143056.48
 5122307.50
 5044151.98
 5062792.14
 5417718.41
 5560363.65
 5560027.25
 5597912.05
 5673091.83
 5793760.01
 5935272.69
 5998435.93
 6067592.30
 6199558.58
 6289275.43
 6312741.32
 6535545.95
 6561045.17
 6895930.07
 7281219.51
 7411957.41
 7577233.86
 7708156.01
 7884277.21
 8098578.06
 8262361.66
 8488946.84
 8632119.40
 8726026.10
 8764763.39
 9072277.13
 9185508.62
 9370776.46
 9413246.65
 9408617.79
 9332776.88
 9365083.02
 9281697.80
 9394993.01
 9498866.29
 9529147.97
 9592241.91
 9705142.74
 9947188.96
 9980481.46
10040582.93
10110974.50
10189147.50
10341606.07
10463906.24
10500086.34
10598028.37
10721480.00
10785110.35
10897076.37
10927869.52
11004829.46
11026222.20
11166105.79
11109531.86
11192490.42
11284077.23
11468363.69
11619171.47
11665850.92
11734870.01
11778097.87
11921065.11
12026078.05
12086393.76
12196105.90
12239444.94
12380916.93
12409822.12
12448690.06
12579186.47
12535054.04
12523242.31
12523539.90
12734292.98
12869249.30
12861766.10
12885457.38
12954471.57
13046360.42
13058005.16
13049267.58
13215460.24
13444755.08
13570792.67
13583116.01
13644169.46
13596913.05
13611800.63
13665570.19
13717142.87
13792446.10
13846312.49
13852940.64
13883180.80
13952634.36
14068924.86
14053324.34
14031548.55
14081493.57
14031604.99
14037208.16
13993068.07
13947987.09
14106225.55
14238964.03
14285928.59
14295552.39
14294028.98
14417121.59
14473661.04
14323703.58
14321042.36
14303661.85
14329545.07
14402004.36
14364220.58
14401850.96
14377912.88
14393047.19
14533075.63
14669671.52
14753669.57
14683812.26
14639830.44
14807855.51
14960888.26
14964084.17
14972604.94
14985349.38
15088183.80
15276702.63
15095664.56
15066328.53
15072366.34
15057048.72
15036571.39
15053624.88
15171314.73
15137146.85
15080599.86
15395236.24
15555192.45
15383554.35
15623278.07
15690106.61
15546776.87
15514451.28
15617640.10
15630025.70
15526152.35
15516188.85
15436602.89
15422260.06
15485169.40
15469040.24
15438577.12
15426664.63
15582561.89
15806605.27
15617102.06
15580507.20
15631087.27
15794124.03
15756599.33
15821891.32
15709276.27
15342879.16
15347670.80
15405401.90
15436752.76
15471304.43
15520502.54
15493103.77
15435531.10
15370640.78
15463400.63
15461114.94
15448022.16
15421783.55
15253549.40
15069455.90
15069455.90
15026813.54
15026819.71
14951182.35
14971339.72
14960660.51
14855303.71
14786493.54
14945603.46
14958862.92
14962335.36
14899715.11
14949414.53
14950790.20
14990231.06
14925807.70
14915510.37
14798959.24
14590235.11
14507236.30
14391576.49
14340090.51
14148681.14
13961495.34
13787039.43
13779196.60
13673978.14
13651712.54
13450073.60
13469405.23
13524587.12
13358781.46
13235392.35
13240020.31
13301310.55
13293552.78
13036578.02
12833905.46
12966147.54
12884765.26
12826889.97
12858071.00
12652480.82
12527977.76
12591587.09
12488972.69
12463082.67
12481507.71
12456574.50
12385283.36
12284061.31
12222103.86
11978452.81
11959187.79
11898330.71
11826011.76
11752121.93
11762478.32
11692390.50
11669046.92
11523953.21
11379103.14
11131662.39
11136819.37
11015693.92
10861936.41
10732412.89
10688409.99
10632547.36
10573533.35
10498916.35
10439387.19
10452328.12
10415163.17
10371337.35
10268962.39
10099434.70
10042970.52
10101342.57
10039064.91
 9856895.79
 9722319.32
 9568222.59
 9512211.36
 9485087.45
 9347491.45
 9319849.85
 9197524.78
 9133841.04
 8985423.31
 8959141.54
 8893951.51
 8772919.85
 8628244.64
 8453762.93
 8408408.59
 8346869.28
 8194516.48
 8073348.45
 8065072.77
 7974366.67
 7730205.04
 7518057.35
 7558862.39
 7550164.76
 7412750.94
 7373590.59
 7344549.42
 7127365.33
 6935144.86
 6873522.62
 6897292.39
 6850391.79
 6769457.44
 6657158.69
 6503888.13
 6558378.42
 6499522.69
 6498851.02
 6471961.20
 6421379.67
 6384857.77
 6308909.23
 6119555.87
 6102354.16
 6158597.87
 6149315.82
 5963224.88
 5984255.47
 5786062.28
 5769006.87
 5749069.19
 5413683.03
 5161003.23
 5017962.17
 4999105.23
 5278249.56
 5012112.93
 5044215.77
 4912251.89
 4707732.66
 4488836.34
 4259834.21
 4093971.42
 4129427.84
 4122141.18
 4027497.41
 3935061.38
 3863517.58
 3773682.77
 3686199.43
 3596055.18
 3697579.39
 3604995.96
 3548738.23
 3456695.22
 3487628.40
 3529012.32
 3452809.48
 3398785.21
 3520791.45
 3544682.16
 3438433.28
 3368882.08
 3386857.67
 3433794.18
 3567217.05
 3552818.42
 3702507.61
 3711409.88
 3744126.72
 3774705.00
 3792541.01
 3794482.27
 3896818.41
 3980242.05
 3990326.34
 4056123.19
 4046734.95
 4168214.08
 4255816.74
 4265633.97
 4460729.94
 4511721.98
 4545226.60
 4597508.13
 4757659.51
 4888275.17
 5219774.95
 5582340.01
 5840872.27
 6050674.96
 6347340.41
 6519216.51
 6612177.55
 6709910.34
 7027386.99
 7197845.53
 7201440.48
 7342059.27
 7422310.70
 7590248.33
 7717641.27
 7835594.86
 7990980.98
 8077816.82
 8119348.70
 8256633.43
 8417170.18
 8551454.45
 8693632.74
 8823593.56
 8956412.83
 8968488.35
 9094073.10
 9140399.39
 9173057.17
 9309423.63
 9415989.03
 9497273.08
 9594026.75
 9813413.14
 9918732.10
10063111.62
10090101.33
10215376.58
10225863.36
10417128.10
10443811.91
10574941.44
10676726.97
10722746.58
10785211.22
10833039.10
11005105.59
11083020.69
11153813.41
11313933.07
11438852.76
11569390.84
11700117.01
11686260.27
11653133.18
11789209.88
11934023.79
12104544.02
12222115.66
12277759.41
12265761.46
12301980.05
12320040.17
12319140.33
12575598.62
12603698.21
12799058.19
12873131.50
12691378.59
12748007.73
12968773.42
13042013.95
13085292.76
13118989.97
13251220.02
13391736.90
13420749.76
13471801.15
13492252.13
13462738.24
13381143.54
13360664.36
13598507.00
13754348.71
13775231.34
13862218.65
13768701.22
13846932.67
13865866.08
13847804.71
13951550.38
14182384.31
14192352.06
14248185.68
14191146.54
14238958.34
14276549.62
14330845.25
14282655.88
14298899.27
14284103.27
14338429.01
14406187.24
14663031.66
14605786.79
14696587.90
14731384.45
14626072.58
14712930.71
14739309.80
14702575.71
14779357.64
14771848.80
14779851.08
14848929.74
14833816.09
14871270.19
14931323.77
15015409.01
14996542.99
15027840.50
14976208.74
15126560.01
15198789.96
15264377.80
15241562.00
15116705.00
15038407.61
14951641.77
15001865.78
14989539.88
15119332.61
15161510.60
15336645.49
15398519.27
15330921.02
15424814.94
15465505.24
15467112.72
15410820.80
15464997.78
15306963.30
15105803.72
15162511.75
15146048.34
15390674.65
15337303.93
15323292.81
15386224.93
15273274.42
15505010.03
15461448.78
15427879.25
15362564.28
15358368.79
15348243.66
15241605.08
15180254.61
15153589.80
15206729.02
15206884.87
15193142.36
15177175.51
15081636.49
15064694.58
15129589.35
15089869.08
15101327.22
15152175.83
15140364.39
15079885.08
15044679.70
14987778.87
14952269.80
14959705.69
15001426.22
15039128.75
14741577.56
14868189.83
14839675.23
14798655.78
14709769.99
14648589.94
14562040.10
14240461.87
14246050.49
14371833.00
14356205.12
14363873.04
14332682.81
14217545.26
14036702.19
14014057.25
13968222.90
13992435.32
13874872.59
13813429.46
13770093.41
13510985.32
13622213.06
13645586.81
13764337.98
13856300.47
13611626.27
13606685.65
13514067.54
13557735.27
13554672.77
13502720.90
13432850.07
13510546.45
13367592.22
13284745.34
13207014.93
13014457.02
13045845.68
13016155.01
12916968.38
12925305.83
12724752.29
12752063.32
12806076.32
12783670.76
12728723.02
12719399.40
12647240.88
12368778.03
12368510.20
12344245.81
12379219.40
12326192.54
12212349.85
12135317.65
12016980.69
12042886.61
11988934.00
11967667.69
11961040.57
11914433.74
11711714.67
11493997.02
11409805.06
11311725.63
11209979.77
11195888.89
11262132.01
11224188.93
11124819.34
11120263.90
11047735.08
11049510.49
11059042.07
10999453.85
10803778.84
10519747.88
10434796.10
10467199.53
10305873.79
10190032.33
10091513.15
10054221.17
 9888731.57
 9873737.46
 9621719.56
 9658835.39
 9623896.88
 9484024.33
 9321250.39
 9136641.97
 8889242.41
 8709276.64
 8495923.95
 8476573.01
 8426567.18
 8261275.78
 8079942.77
 8135920.36
 8109406.86
 7902609.35
 7781785.91
 7806841.68
 7792034.66
 7626872.79
 7564086.03
 7559291.31
 7556818.58
 7511459.23
 7445216.21
 7353445.92
 7234879.05
 7216850.06
 7159748.98
 7066512.51
 6982198.12
 6990130.92
 6974972.08
 6754854.97
 6723042.31
 6528327.55
 6532706.53
 6573147.82
 6409706.34
 6309972.52
 6181065.87
 6164430.71
 6152427.95
 6086595.81
 6048472.76
 6032969.42
 6001926.72
 5860633.35
 5825561.75
 5762317.92
 5814935.33
 5798972.81
 5709659.53
 5659469.35
 5559450.10
 5504078.49
 5319528.10
 5263955.35
 5217289.33
 5133141.57
 5186565.14
 5086981.29
 5070911.27
 5094599.83
 5089116.41
 5055414.43
 5017928.78
 5015152.09
 4968291.96
 4807515.36
 4781480.47
 4799039.18
 4794906.75
 4723139.00
 4677324.53
 4693440.22
 4978652.46
 4991408.27
 4912143.73
 4954758.47
 5120845.64
 5184941.90
 5255549.95
 5465570.00
 5455844.10
 5577732.46
 5646060.87
 5739534.95
 5863511.03
 5920381.28
 5876826.49
 5790799.92
 5813467.35
 6359435.95
 6174403.56
 6203880.83
 6529588.06
 6832811.75
 7019946.40
 7182690.59
 7384360.51
 7508786.87
 7493749.10
 7653279.74
 7971077.18
 8063580.48
 7993489.35
 8002549.56
 8161267.61
 8395899.31
 8413941.21
 8549210.29
 8682555.77
 8842160.22
 8958693.95
 8961575.73
 9042811.41
 9132389.66
 9200645.66
 9201276.83
 9431404.01
 9497215.04
 9591628.00
 9543918.23
 9539914.02
 9532990.16
 9574771.72
 9691291.83
 9870308.18
 9855778.71
10052564.36
10045816.52
10266399.25
10228987.78
10376181.24
10384468.18
10363910.62
10441924.21
10484140.49
10836198.42
10869195.61
10883892.71
10879503.17
10967074.75
11089440.82
11213633.07
11422097.22
11505798.83
11791869.02
11841140.93
11805925.42
11787625.39
11837622.60
12056672.45
12158355.33
12159042.38
12122316.49
12237879.49
12256243.38
12355375.94
12296568.29
12343863.22
12536503.14
12590019.73
12663330.83
12747691.09
12783345.88
12803740.75
12755111.26
12729372.87
12666535.58
12767006.25
12968628.26
13047304.58
13084680.90
13093418.32
13194563.54
13262797.52
13265725.61
13280401.38
13397108.60
13553412.16
13536574.30
13570543.73
13590876.09
13709993.71
13685857.75
13710886.64
13782549.57
13869659.09
13904587.23
13886911.76
13893046.41
13922099.86
14060317.95
14072209.19
14104679.96
14151616.80
14201512.77
14202697.88
14256248.52
14385560.61
14456809.73
14460991.98
14515550.56
14577900.99
14506538.14
14551966.21
14447644.80
14540440.16
14723993.16
14740136.03
14777005.32
14789652.69
14818701.11
14793879.02
14863854.98
14826577.87
14767825.34
14900165.72
14916916.49
14935187.80
14811501.36
14928018.46
14831984.18
14887703.04
14940859.39
14921184.20
14918921.89
14892014.17
15030491.99
15082727.50
15101350.24
15143601.08
15295257.02
15073518.65
15231212.03
15241159.55
15208248.89
15138090.00
15034949.88
15116922.34
15143546.96
15229540.49
15298122.55
15271206.10
15191454.99
15123174.47
15073585.31
14961386.93
15238011.97
15349623.78
15523208.18
15343435.84
15224076.05
15230439.04
15252914.28
15225751.50
15235595.42
15190125.43
15406682.00
15401700.29
15188107.70
15203531.10
15143928.44
15184162.00
14995925.77
14805114.56
14772808.84
14783331.04
14789245.34
14831205.44
14790249.76
14852533.61
14848488.47
14853649.69
14634140.94
14485804.79
14588439.93
14503596.07
14494350.14
14414081.95
14298828.54
14363987.53
14385770.60
14414142.26
14186364.32
14106455.22
14003626.60
13963436.70
13976751.01
14169107.47
14106265.01
14082165.79
13984884.84
13967198.52
13849284.22
13959969.40
13895212.98
13740297.90
13688761.12
13584106.80
13597258.11
13585436.85
13586609.75
13536437.02
13418045.36
13376847.78
13414348.21
13118394.93
13044675.06
12983584.57
12771351.32
12842910.23
12858604.17
12837269.69
12848716.22
12845136.96
12783313.29
12692172.96
12563442.01
12635359.86
12627986.59
12541744.86
12489248.76
12465345.32
12337227.71
12401853.58
12364333.18
12309540.78
12244171.00
12133577.60
12057989.72
12089410.38
11935789.49
11913387.96
11868483.94
11848270.63
11744846.81
11631043.12
11557174.67
11539573.81
11489315.48
11477193.55
11441099.43
11471595.67
11505595.04
11457947.35
11430894.69
11492415.26
11360964.72
11280620.99
11043488.85
10882569.44
10644042.20
10690343.26
10644868.51
10470277.77
10359873.39
10181637.01
10083353.42
 9924100.19
 9698451.72
 9653885.05
 9454221.67
 9333398.48
 9240425.81
 9169913.72
 9201537.68
 8962222.18
 8806296.61
 8602852.41
 8660653.35
 8591471.07
 8413055.00
 8316250.88
 8178234.65
 8202296.60
 8172856.47
 8296371.92
 8196711.44
 8150732.18
 8120571.24
 7878697.47
 7821343.52
 7811138.97
 7822832.90
 7841044.94
 7692758.51
 7574751.57
 7584751.53
 7570363.01
 7393845.93
 7432222.55
 7363029.66
 7303071.67
 7230743.08
 7045433.18
 6966119.57
 6893556.55
 6815819.12
 6715023.73
 6606686.45
 6514416.43
 6455413.99
 6332381.25
 6282898.06
 6180730.06
 6132321.25
 6041624.62
 6022401.65
 5863196.62
 5864911.88
 5839347.75
 5854740.85
 5799069.85
 5805423.54
 5740040.04
 5753745.02
 5726643.85
 5640806.50
 5662447.60
 5664443.80
 5614804.07
 5601442.60
 5556144.87
 5485686.12
 5457652.97
 5463387.93
 5452872.90
 5445009.19
 5484827.62
 5450541.75
 5393757.27
 5359161.04
 5273467.46
 5217210.60
 5183166.13
 5126901.86
 5112053.67
 5066134.38
 5114198.09
 5105335.94
 5147963.11
 5207701.45
 5240159.13
 5345460.50
 5396014.26
 5498604.72
 5526258.92
 5526988.84
 5520688.22
 5550326.12
 5694275.31
 5809139.88
 5906954.30
 5866644.16
 6138340.13
 6175656.76
 6351629.80
 6433592.98
 6502783.71
 6638573.22
 6736184.75
 6858757.80
 6974516.74
 7129599.09
 7328164.06
 7579265.10
 7798563.82
 8197408.18
 8321890.93
 8577342.40
 8531378.26
 8689356.80
 8893481.46
 8997037.32
 9201584.55
 9312153.50
 9431256.18
 9549471.72
 9553968.26
 9657161.92
 9768749.58
 9796547.58
 9858499.13
 9887597.76
10021447.48
10083164.91
10036222.18
10077460.59
10120682.47
10217593.46
10255833.45
10345367.97
10407979.98
10423817.87
10495864.70
10570192.76
10592560.77
10682621.04
10711151.18
10812044.69
10883694.06
10988315.27
11135161.95
11259243.40
11321831.67
11464412.58
11584853.15
11688060.80
11672842.01
11648042.18
11776806.24
11827929.79
11914551.33
12062408.81
12102076.33
12190494.89
12197267.85
12332427.53
12368785.57
12458153.02
12487646.31
12548112.79
12559634.30
12613366.07
12624111.71
12772484.57
12838699.64
12878520.60
12941634.54
13032666.53
13118531.91
13145695.19
13246190.27
13320914.74
13347324.69
13249184.15
13258891.97
13330375.52
13458792.51
13485777.34
13463546.40
13485860.55
13432288.10
13558022.09
13454269.23
13549087.96
13601800.74
13571907.23
13583614.34
13759058.51
13883488.43
13912565.16
13957537.43
13977187.12
14124163.71
14247323.25
14166930.70
14211384.19
14188040.03
14294519.99
14263914.67
14335797.75
14260232.16
14287611.56
14317811.50
14225475.26
14280581.08
14320396.18
14510162.85
14537382.65
14444606.78
14424255.08
14482287.92
14603305.58
14633112.74
14694252.09
14646905.30
14775758.67
14645529.23
14718896.17
14765766.26
14775284.79
14708222.81
14682186.44
14743868.52
14736948.92
14750769.09
14616865.12
14622189.53
14764709.90
14758508.64
14817233.62
14711381.32
14710828.99
14750448.68
14765468.74
14829888.90
14856200.91
14879824.28
14910198.98
14639860.58
14742266.93
14791623.00
14838134.45
14829863.19
14607198.38
14542121.19
14527694.33
14653205.82
14465280.51
14527274.23
14563275.90
14624900.13
14666876.58
14650959.93
14653896.74
14562390.36
14634555.66
14665870.36
14662842.40
14632903.29
14576287.17
14651512.02
14765578.72
14754867.69
14727724.50
14541059.42
14560641.76
14540332.07
14534051.93
14545228.44
14349366.24
14306550.94
14358454.06
14381236.21
14271595.59
14266447.27
14287883.95
14354928.41
14378562.11
14315299.14
14295510.35
14095737.01
14049007.27
14146620.37
14132832.83
14106664.69
14068858.74
14074405.03
14049284.88
13979381.56
13774525.21
13740534.16
13705325.43
13516443.62
13464387.74
13406708.21
13369056.76
13408538.02
13460030.19
13429077.50
13369597.60
13127449.56
13069231.32
13057890.37
13051967.98
13005294.51
12866284.81
12715316.55
12671910.56
12773819.45
12720616.95
12585032.43
12554988.89
12676760.70
12706237.88
12712023.80
12643908.56
12379857.94
12374938.39
12370994.14
12346639.84
12238507.36
11999256.60
11749481.43
11588809.98
11543544.22
11463187.34
11451595.58
11312353.73
11269992.67
11291461.27
11338098.20
11198822.94
11125470.70
11196357.18
11193685.16
11099129.03
11085126.12
11056571.80
11030886.83
10874614.98
10791328.72
10703551.89
10664625.50
10618863.37
10584774.83
10576792.90
10595624.12
10621786.39
10558997.00
10530039.30
10544720.04
10507518.34
10489112.37
10440206.60
10349407.27
10124151.28
10087887.95
 9987642.31
 9913901.52
 9780991.86
 9697910.87
 9630207.59
 9503680.63
 9477038.25
 9261278.98
 9254563.95
 9152254.22
 9131597.47
 9115628.82
 8993383.20
 8764888.34
 8639767.10
 8574011.04
 8439945.65
 8409573.30
 8381601.27
 8288394.66
 8187744.23
 8096519.61
 8049084.69
 8044726.42
 7931530.06
 7846671.46
 7636791.51
 7357681.28
 7294502.62
 7186320.96
 7104096.42
 7008601.92
 6970004.77
 6918633.46
 6847484.62
 6719230.63
 6565442.69
 6546465.35
 6446197.31
 6430546.77
 6457745.09
 6407404.13
 6373110.50
 6041461.23
 6080352.11
 6074040.39
 6043310.19
 5928460.74
 5565394.53
 5575049.78
 5499179.86
 5423183.59
 5312515.96
 5315955.85
 5299582.51
 5228210.45
 5091267.41
 4972160.20
 4908478.12
 4884912.81
 4739046.06
 4678406.54
 4609153.09
 4609658.55
 4594178.54
 4607562.77
 4596740.36
 4548231.95
 4530801.43
 4505758.79
 4500650.19
 4546433.35
 4563953.81
 4561541.32
 4537790.32
 4459675.59
 4482967.56
 4442258.23
 4458714.75
 4528139.89
 4515359.95
 4585764.54
 4644687.91
 4856730.82
 4937771.53
 5001766.55
 4998639.51
 5004421.54
 5036950.57
 5172764.37
 5183385.26
 5407885.52
 5421126.08
 5445370.83
 5502947.00
 5658679.31
 5740658.95
 5751867.35
 5934273.76
 6101239.31
 6122031.65
 6166003.76
 6208017.40
 6306025.94
 6382253.85
 6628191.79
 6765169.93
 7321971.25
 7439394.10
 7593245.02
 7744744.22
 7821983.35
 7927707.25
 8027131.05
 8342708.32
 8470311.39
 8576346.61
 8649409.27
 8648639.28
 8715008.60
 8761186.34
 8982269.35
 9194598.41
 9263896.16
 9337598.38
 9349165.32
 9378500.20
 9419361.10
 9667651.61
 9810015.30
 9874438.78
 9949702.65
10055179.53
10114451.22
10185752.26
10365967.36
10465396.43
10543938.54
10552015.05
10627849.76
10604798.23
10604361.36
10730614.33
10844552.42
10845231.53
10860689.04
10921302.57
10915936.29
10997887.75
11014643.72
11082726.11
11184500.26
11374163.04
11408071.97
11437576.65
11666566.46
11902196.66
11958324.51
11960739.04
11825424.59
11806875.45
11862892.47
11923274.55
12124631.62
12250852.77
12285455.61
12289626.34
12351410.27
12421454.47
12459282.26
12590585.55
12777975.08
12807733.65
12881369.50
12892203.27
12845006.33
12827798.17
12812974.57
12812974.57
12947953.81
12976455.64
13029853.02
13027597.06
13095244.88
13359000.37
13474043.32
13558970.55
13803671.30
13749092.15
13701158.13
13736694.98
13618739.42
13603509.32
13612789.87
13694569.62
13729405.59
13978890.36
14035831.45
14056341.14
14083551.16
14021606.71
14056413.63
14012063.06
14106863.70
14107347.18
14155533.94
14192413.19
14175451.41
14201377.83
14183492.44
14286825.60
14345652.08
14418667.57
14416911.81
14459371.37
14583967.44
14664886.82
14734951.55
14749112.88
14767868.63
14839908.90
14857235.11
14877738.34
14812076.09
14681982.59
14669404.24
14668022.89
14681050.41
14740767.08
14810693.82
14877388.46
14796825.76
14746346.10
14807239.68
14858876.83
14807953.39
14804524.65
14922947.58
14984443.90
15030692.57
15022781.92
15032203.90
15018130.87
15077599.37
14992619.81
14938606.87
14911012.28
14805922.68
14705713.52
14748486.74
14867229.46
14816687.30
14727221.17
14696840.62
14787086.91
14782535.31
14675449.45
14612576.59
14691523.15
14686807.02
14685516.69
14599573.14
14593010.73
14765632.99
14822066.97
14805890.91
14914333.49
14901270.39
14749423.03
14699622.92
14785260.32
14759923.83
14634587.76
14589925.75
14460546.83
14278757.23
14353961.78
14295738.40
14152146.63
14303620.10
14389705.65
14305018.54
14162920.18
14168121.36
14128138.41
14028294.07
13978192.22
14015417.42
14037892.39
13903569.66
13889696.01
13943643.38
13914461.69
13791171.04
13684027.10
13696085.43
13565367.12
13559444.04
13605642.98
13537157.28
13483509.38
13285693.64
13291510.17
13303580.81
13137429.07
13117979.42
13028235.14
12950597.72
12912785.89
12724728.32
12692989.47
12628594.21
12521553.64
12607186.18
12605774.67
12561001.95
12369699.54
12153772.58
12116609.76
12121936.11
12037002.67
12018865.33
11836693.60
11808605.35
11743312.62
11716776.25
11578387.43
11402914.70
11377055.74
11375382.18
11198652.95
11156221.92
11089059.04
11059552.69
11019133.62
11030515.77
10981124.60
10875925.66
10890522.06
10913517.31
10840350.26
10745142.31
10758918.47
10732485.64
10684756.16
10721112.50
10751286.89
10752901.32
10749625.77
10660350.60
10582864.59
10540496.32
10503208.30
10474215.82
10357798.49
10086166.40
 9990154.55
 9893236.71
 9805189.08
 9747732.92
 9686616.81
 9830098.20
 9819537.36
 9664056.42
 9496516.26
 9344958.29
 9400581.80
 9374690.89
 9348355.59
 9273160.24
 9196773.88
 9160840.25
 8953915.53
 8802595.94
 8708157.97
 8626406.98
 8556688.46
 8302559.17
 8139126.06
 8016938.45
 7821939.87
 7640354.62
 7559202.83
 7499907.39
 7335689.10
 7312393.32
 7508350.95
 7446584.66
 7150008.03
 6953899.11
 6817687.01
 7001922.42
 6958151.03
 6803791.12
 6640968.90
 6498956.44
 6417884.52
 6218399.63
 6349124.45
 6439375.17
 6431191.81
 6424826.72
 6335948.88
 6273328.86
 6011117.69
 5940351.85
 5711681.32
 5668932.28
 5533715.03
 5638937.63
 5751994.16
 5567731.81
 5491381.42
 5390600.52
 5080214.51
 4828283.92
 5009922.83
 5151315.59
 4959325.21
 4688628.07
 4595699.19
 4799401.12
 4792963.20
 4659823.27
 4461999.73
 4331595.59
 4577102.04
 4518543.76
 4517220.84
 4592800.23
 4571635.19
 4267802.99
 4213397.05
 4213785.07
 4214142.54
 4143804.78
 4224211.68
 4278834.36
 4274263.36
 4332003.21
 4273268.92
 4201831.24
 4204331.24
 4316847.49
 4386861.05
 4387392.66
 4368973.89
 4613426.05
 4628959.77
 4664188.93
 4745119.00
 4889040.83
 4894313.28
 4963533.63
 5128959.63
 5114535.05
 5193524.14
 5182026.77
 5164297.83
 5168227.78
 5241726.15
 5303339.27
 5301838.15
 5304617.79
 5314546.93
 5365115.93
 5356647.06
 5532783.43
 5585241.47
 5712284.69
 5820527.84
 6025278.73
 6057829.24
 6123973.86
 6173545.10
 6547713.00
 6725503.64
 6772569.41
 6804614.48
 6975150.21
 7094541.51
 7035367.23
 7124166.54
 7160331.04
 7151071.81
 7185945.01
 7283405.46
 7321309.24
 7434105.71
 7537931.89
 7711940.90
 7855377.12
 8057176.99
 8424918.06
 8570717.92
 8697913.45
 8576299.45
 8617512.23
 8813473.45
 8853490.53
 8901540.61
 8936718.31
 9026576.66
 9002153.74
 8961388.06
 8816917.83
 9035914.73
 9041700.05
 9180174.49
 9276737.30
 9474596.02
 9736838.92
 9795727.48
 9911965.21
10026648.84
10123082.69
10227956.32
10379327.22
10771914.90
10690120.80
10704537.88
10807408.14
11044179.38
11102976.09
11044331.41
11044159.20
11230783.98
11608860.24
11742165.56
11762663.19
11783088.46
12045393.06
12021369.17
12078971.36
12084296.67
12127187.84
12239316.84
12282074.80
12584225.44
12591746.62
12349858.58
12307550.51
12543649.13
12621425.30
12619021.06
12708339.65
12821955.95
12874220.54
12857417.74
12875695.85
12977097.42
13061192.77
13185561.73
13191752.65
13154500.52
13194224.77
13323751.49
13280568.47
13312182.48
13338775.99
13234620.63
13301576.24
13250750.16
13317438.56
13390797.01
13365280.77
13500457.33
13748098.25
13794883.85
13853310.55
13929731.87
14017822.44
14023231.90
14116477.39
14054837.50
13917073.32
13943729.37
13990055.08
14086396.00
14162439.33
14184932.80
14293782.97
14359092.42
14233081.42
14275255.47
14327283.22
14282489.64
14410675.97
14321242.37
14320029.23
14301110.07
14287848.21
14416416.24
14483417.96
14507879.93
14501013.36
14612376.05
14743197.88
14748073.71
14799213.12
14851643.81
14715178.92
14644164.13
14628334.77
14624987.85
14652501.64
14694831.28
14709669.83
14767989.99
14779509.17
14691206.12
14755822.40
14736262.26
14706492.16
14672950.01
14581546.12
14589625.73
14580261.15
14588319.18
14642818.60
14599567.32
14627056.70
14515288.97
14520536.30
14566076.74
14473975.67
14369580.14
14306701.91
14187549.91
14177037.62
14314828.26
14284851.75
14312993.35
14294050.80
14427147.77
14462795.31
14297576.16
14228991.94
14302772.46
14304494.53
14287391.13
14231317.86
14150813.19
14216244.55
14264925.84
14234581.11
14271527.43
14210726.94
14073059.86
14028198.51
14054850.01
13938956.83
13956515.24
14029515.71
13943667.31
13876309.17
13747474.28
13791255.32
13784916.52
13693516.68
13651809.97
13669122.01
13643261.81
13639626.90
13599308.77
13563185.13
13542587.91
13519865.24
13487088.04
13450088.11
13345583.06
13333775.35
13307395.87
13280159.85
13243597.79
13171174.07
13115044.46
12917370.07
13075377.77
13084249.64
13236100.10
13044288.69
13035434.42
12957294.07
12839218.76
12765934.13
12736030.06
12659632.89
12628378.64
12645247.53
12624293.26
12312108.41
12337890.07
12283351.63
12289522.86
12294149.89
12230694.73
12159608.70
12101263.96
12033428.34
11749545.44
11817893.96
11882711.50
11887724.79
11804273.34
11620299.27
11638080.56
11570595.33
11481734.62
11359060.09
11344061.57
11203699.79
10928457.51
10929761.86
10931080.09
10913504.13
10888800.87
10840216.51
10731844.06
10475782.50
10492490.21
10526280.77
10516191.31
10278521.95
10232679.40
10115338.05
 9763106.91
 9672686.91
 9620536.64
 9617190.35
 9502373.77
 9395028.31
 9343390.04
 9199632.07
 9081838.14
 9062179.88
 8968327.34
 8877715.68
 8848266.01
 8759734.38
 8698957.61
 8653860.54
 8647975.70
 8420984.55
 8290964.51
 8323415.98
 8273238.07
 7997823.39
 7902113.47
 7856518.70
 7873246.73
 7900033.28
 7890698.67
 7792016.44
 7682872.07
 7616279.70
 7544369.45
 7406135.44
 7283529.55
 7163210.55
 7068970.76
 6923646.89
 6910605.58
 7011972.67
 6884155.54
 6703686.05
 6628128.78
 6478378.25
 6301329.71
 6381705.20
 6295152.87
 6157838.36
 6129380.39
 5982304.43
 5858455.30
 5807304.48
 5799921.59
 5765739.99
 5754836.75
 5660434.71
 5634884.04
 5629747.17
 5523199.52
 5543856.61
 5525241.48
 5472331.85
 5452541.80
 5393271.12
 5330671.85
 5125833.63
 5044350.02
 4934548.11
 4919914.50
 4884597.43
 4888739.00
 4765786.83
 4743029.17
 4740463.46
 4716947.76
 4634543.46
 4575995.06
 4652292.82
 4712994.57
 4788644.98
 4838553.98
 4853419.22
 4794888.46
 4757444.57
 4772204.74
 4759262.30
 4787586.20
 4866460.07
 4859328.06
 4856992.46
 4848831.64
 4824033.17
 4915216.94
 4977612.73
 5014199.56
 5064695.89
 5200393.55
 5260225.40
 5241074.29
 5366705.14
 5403694.52
 5532334.37
 5701225.16
 5761903.10
 5886686.78
 6003604.21
 6195753.47
 6239694.04
 6429859.96
 6522914.93
 6521013.23
 6645241.90
 6802784.98
 6871372.24
 6982273.86
 7158195.75
 7280561.14
 7378142.19
 7543437.64
 7645444.30
 7694600.97
 7778213.84
 7884073.67
 8046252.83
 8144166.00
 8259208.39
 8329101.97
 8428497.40
 8415101.68
 8497507.95
 8756128.04
 8846811.12
 8929074.78
 9146957.79
 9272055.42
 9342166.37
 9498656.38
 9586375.13
 9578583.67
 9651603.08
 9612456.64
 9623609.58
 9904268.11
10025014.95
10030413.91
10041923.03
10101909.93
10107447.92
10184847.86
10271267.87
10438529.04
10534662.71
10703696.94
10748182.18
10841470.34
10966755.01
11029016.74
11083494.90
11061083.87
11152920.82
11267166.30
11368612.68
11449977.01
11477617.80
11552631.57
11625351.10
11826545.61
11944070.04
11968553.33
12022146.37
12092948.19
12098837.30
12160211.90
12240641.03
12332646.33
12394325.19
12339985.61
12376671.79
12379400.28
12393125.63
12431844.27
12514276.71
12513967.83
12401029.57
12478248.98
12511243.65
12628186.62
12666756.50
12689733.64
12797674.61
12842548.99
12923755.06
12912985.84
12939697.22
13019243.51
13026921.03
12976584.90
13023466.88
13103096.05
13189104.97
13340428.15
13250556.30
13286248.87
13312435.51
13381475.11
13431421.42
13510958.63
13498737.73
13505956.70
13509421.53
13445303.47
13538072.49
13623641.97
13626926.67
13720484.99
13785446.97
13819038.04
13792271.08
13952783.43
14043003.85
14110940.32
14119146.73
14110967.63
14189470.70
14067356.76
14101267.48
14122683.43
14094220.35
14056222.03
14096643.04
14140166.03
14142812.67
14142750.10
14137614.99
14175823.49
14202166.37
14275603.51
14303929.20
14312247.19
14359427.56
14408902.32
14444945.27
14378169.07
14471633.47
14546089.50
14485052.11
14535979.23
14537772.15
14515343.22
14554973.15
14461392.81
14468626.95
14380230.78
14462802.68
14515169.25
14558967.87
14554464.60
14608334.30
14633264.03
14622198.86
14747275.91
14704037.64
14654660.68
14528205.58
14586518.53
14568479.95
14537968.92
14568778.76
14511953.64
14475167.85
14454208.90
14431189.85
14439292.62
14444467.90
14424692.88
14407626.05
14456458.80
14431893.07
14329007.30
14188942.59
14113269.48
14163713.58
14164957.36
14163056.51
14186852.89
14111758.72
14108944.52
14016920.04
14067236.27
14056927.29
13956064.53
13902279.38
13897626.57
13797525.70
13646999.05
13603237.52
13556328.24
13611132.03
13617804.11
13515699.45
13614889.48
13593884.37
13494864.06
13453598.00
13431914.09
13341264.12
13360026.38
13283046.24
13255413.56
13196806.32
13245409.70
13229546.20
13176517.76
12948959.84
12877574.78
12850595.81
12714541.01
12701360.42
12509881.18
12401435.67
12325411.21
12381701.21
12305606.66
12265557.28
12160547.31
12191415.07
12136871.11
11963939.97
11962841.56
11947568.01
11923437.00
11920614.91
11801557.22
11701569.92
11690658.87
11674064.30
11548286.32
11545607.51
11497622.01
11369814.14
11375640.71
11319101.26
11205075.89
11093039.26
10975832.77
10915100.78
10929871.66
10896430.51
10875092.55
10932136.89
10913741.47
10915601.06
10885299.95
10837126.11
10804449.73
10808305.12
10691700.52
10569511.53
10565901.84
10400254.39
10418843.69
10389999.52
10201152.58
10056000.41
10028487.55
10029935.49
 9904377.37
 9964590.23
 9969974.64
 9907270.82
 9929800.50
 9746152.73
 9531379.40
 9393177.58
 9465017.62
 9304033.17
 9287776.77
 9312802.52
 9140019.73
 8861742.73
 8731757.59
 8828958.87
 8898408.53
 8869458.15
 8780184.11
 8698832.01
 8612035.57
 8188819.26
 8142139.05
 8075267.27
 8062100.05
 8091688.32
 7918911.36
 7855161.14
 7827533.55
 7499064.00
 7272733.07
 7196539.44
 7169780.97
 7100217.89
 6743797.40
 6575642.21
 6470367.30
 6424409.29
 6434912.75
 6397212.72
 6331215.44
 6151237.23
 5951089.95
 5879773.33
 5757366.90
 5630506.98
 5462928.13
 5379688.90
 5392838.92
 5385030.60
 5205670.94
 5042427.31
 5078435.96
 5063979.14
 4883238.86
 4875384.66
 4833102.03
 4781596.62
 4723007.38
 4834471.25
 4696673.93
 4707668.85
 4542000.33
 4474550.16
 4514946.45
 4648734.24
 4683140.22
 4554000.74
 4599095.65
 4616043.62
 4524522.30
 4459275.04
 4433458.55
 4525354.76
 4505438.86
 4547572.33
 4530908.15
 4507196.43
 4544988.98
 4622484.13
 4557816.60
 4508406.79
 4481775.00
 4568517.70
 4537421.52
 4630837.62
 4741750.26
 4728046.85
 4757803.64
 4838282.64
 4861851.67
 4828586.84
 4862607.63
 4931836.24
 4921720.54
 4915147.10
 4962396.23
 4988028.99
 5027385.50
 5081316.79
 5087100.10
 5090123.31
 5086954.44
 5122732.11
 5217966.53
 5345262.69
 5447992.84
 5561018.27
 5672213.41
 5811163.66
 5955184.15
 6064060.46
 6171705.18
 6305719.27
 6421475.44
 6567481.25
 6693415.50
 6923756.94
 7107582.02
 7293598.45
 7532893.55
 7789021.30
 7965282.67
 8005955.20
 8167465.76
 8314360.25
 8498334.70
 8693741.73
 8900717.61
 8970987.46
 9044377.94
 9064258.17
 9128948.10
 9274998.17
 9363133.71
 9460142.74
 9500689.10
 9665229.93
 9684801.71
 9776237.38
 9937017.49
10009485.61
10197512.99
10281259.18
10351832.74
10560329.20
10703697.54
10815224.94
10858605.97
10948115.78
11079267.86
11116363.99
11102411.58
11145030.35
11149159.12
11155818.32
11183195.14
11213027.77
11235726.24
11138886.61
11284457.17
11390709.92
11502522.79
11626282.77
11653753.83
11704604.73
11864439.06
11931906.38
12041776.12
12141081.42
12178424.43
12235084.62
12303684.71
12306819.64
12341507.38
12315554.87
12349319.58
12408887.25
12436618.25
12430996.78
12480113.21
12518654.13
12505545.74
12519358.89
12635414.78
12805066.12
12871795.41
13012673.16
13106826.22
13291005.47
13307331.11
13324934.10
13381030.41
13328938.92
13389477.75
13527614.19
13448239.64
13463950.92
13484090.63
13501067.74
13645620.80
13590279.65
13753627.34
13870924.65
13834457.92
13880446.40
13967714.10
14008246.86
13990150.89
13999762.36
14029110.32
14040131.73
14159177.48
14216967.02
14204264.43
14217319.03
14177506.17
14173123.33
14149217.38
14128862.79
14158308.35
14046987.81
14158907.31
14230139.88
14314908.84
14320001.58
14401547.03
14422777.28
14405716.19
14539910.86
14606453.52
14662657.21
14623955.70
14584533.67
14648918.27
14730943.39
14785937.80
14825187.13
14886187.59
14951121.39
14892783.11
14766748.58
14732430.31
14625098.11
14625287.95
14551118.40
14535092.60
14649664.27
14698089.41
14706623.40
14769225.26
14753439.60
14767665.39
14866001.45
14872707.25
14947072.90
14951127.38
14863217.35
14856736.19
14858609.41
14823897.61
14758420.67
14752306.33
14721313.42
14798143.61
14639999.13
14631710.83
14600645.45
14471405.04
14447207.14
14404238.54
14414318.41
14320826.64
14214460.76
13905915.55
13983435.08
13899858.72
13793822.44
13768247.51
13660539.12
13565197.02
13507485.78
13489862.53
13501838.25
13488106.92
13594396.12
13529280.10
13512275.82
13561338.19
13395473.28
13443362.71
13379959.27
13410549.02
13468814.03
13344784.58
13318173.33
13195106.91
13151945.87
13158279.38
13167324.71
13148943.44
13201433.98
13170601.67
13054852.44
12913393.59
12845831.35
12730892.84
12684574.05
12607795.16
12586518.37
12451219.82
12460852.32
12400451.16
12312527.76
12317940.85
12226371.36
12221263.02
12212897.88
12169020.41
12060357.09
11977868.65
11885207.79
11854047.49
11687908.30
11611299.60
11647789.65
11539637.97
11460860.76
11348258.78
11353620.18
11267148.18
11295226.91
11211358.30
11168960.26
11089689.97
11066652.73
10939661.64
10859507.35
10806831.99
10746116.64
10712110.80
10638096.38
10634015.20
10660155.43
10538430.84
10531703.69
10486575.41
10388807.36
10346634.70
10344675.20
10336644.98
10340832.82
10289431.00
10226698.04
10162143.59
10197808.38
10103123.97
10022227.98
10027783.60
 9893610.06
 9958151.28
 9876023.82
 9792899.03
 9695119.03
 9589395.39
 9461718.30
 9318729.39
 9285048.41
 9166393.45
 8981840.65
 8932173.61
 8800716.91
 8636010.39
 8520657.44
 8491565.09
 8382704.63
 8332933.19
 8248123.44
 8287905.19
 8094884.92
 7994817.43
 7882211.97
 7785431.17
 7669915.17
 7579358.45
 7433481.11
 7347444.86
 7144365.41
 7239369.64
 7132575.59
 7028998.78
 6851388.51
 6706879.88
 6611062.91
 6456960.55
 6398983.72
 6372462.81
 6380476.01
 6395185.43
 6357619.81
 6141267.56
 6047118.45
 5935625.68
 5960927.21
 5878351.52
 5896363.93
 5725587.68
 5614132.99
 5451276.18
 5380987.52
 5319088.67
 5243903.21
 5146882.20
 5138107.17
 4881906.86
 4930500.08
 4738677.00
 4681875.65
 4536910.45
 4576466.43
 4578794.43
 4555460.62
 4519727.85
 4526061.49
 4437604.78
 4358683.78
 4248562.91
 4197456.55
 4121667.30
 4113724.73
 4105106.30
 4039644.28
 4060520.88
 4023592.36
 4010461.27
 4026272.68
 4027960.59
 4023354.77
 4056627.04
 4158949.78
 4071747.88
 4059315.65
 4003973.70
 3931736.19
 3920466.44
 3910104.77
 3917424.26
 4004074.93
 4066305.66
 4072831.30
 4059323.21
 4146173.96
 4226772.72
 4265277.54
 4334001.26
 4366820.09
 4430516.41
 4418259.99
 4461289.58
 4522152.92
 4557647.51
 4574324.72
 4632247.84
 4673561.10
 4659958.24
 4759009.44
 4767698.74
 4747290.92
 4799042.69
 4921615.45
 4972852.56
 5026859.00
 5138268.83
 5226898.89
 5286299.48
 5352161.23
 5511062.61
 5689636.23
 5847295.43
 6060195.29
 6138975.83
 6304886.29
 6462513.67
 6706605.06
 6941785.86
 7205307.40
 7502026.37
 7550158.26
 7719796.78
 7873830.97
 8050158.03
 8127062.97
 8324261.27
 8449295.73
 8518725.32
 8629818.42
 8789319.83
 8848410.87
 8934297.37
 9014189.66
 9094069.27
 9203890.99
 9320490.91
 9375771.22
 9427576.24
 9481531.46
 9596411.99
 9708160.46
 9783206.89
 9888502.99
 9901461.44
10046002.19
10132493.54
10149925.53
10275372.47
10321760.90
10240217.91
10445612.03
10544317.13
10513440.17
10545509.34
10593295.34
10710988.28
10780508.69
10980517.54
11123816.40
11291517.22
11449710.97
11551153.31
11553927.85
11641243.57
11646941.51
11833584.08
11951691.88
12080997.72
12120898.42
12118550.87
12072616.41
12137873.26
12245757.47
12280123.79
12428357.17
